# wavelength [um] flux [erg s^-1 cm^-2 nm^-1] (NRS2)
4.186460020000000171e+00 1.572566212274675746e-13
4.187125690000000233e+00 1.572323540679620914e-13
4.187791350000000357e+00 1.571845921427241975e-13
4.188457020000000419e+00 1.570654871915156036e-13
4.189122679999999654e+00 1.568528914381977924e-13
4.189788349999999717e+00 1.567188309910059531e-13
4.190454009999999840e+00 1.565362003498108743e-13
4.191119679999999903e+00 1.556558165327206583e-13
4.191785340000000026e+00 1.542684606272879369e-13
4.192451000000000150e+00 1.540906654625116508e-13
4.193116670000000212e+00 1.551733081999767134e-13
4.193782330000000336e+00 1.559775760915233292e-13
4.194448000000000398e+00 1.562234352008868334e-13
4.195113659999999633e+00 1.561789582747849619e-13
4.195779329999999696e+00 1.560289726745727829e-13
4.196444989999999819e+00 1.559311028534016059e-13
4.197110659999999882e+00 1.558527651726725019e-13
4.197776320000000005e+00 1.557247561308754511e-13
4.198441990000000068e+00 1.555302342883072952e-13
4.199107650000000191e+00 1.552146825593525960e-13
4.199773320000000254e+00 1.543879003906725322e-13
4.200438980000000377e+00 1.522175774239749292e-13
4.201104650000000440e+00 1.497502722915193390e-13
4.201770309999999675e+00 1.502353205008341658e-13
4.202435979999999738e+00 1.527822671157376667e-13
4.203101639999999861e+00 1.542300605515024831e-13
4.203767299999999985e+00 1.542268766672172381e-13
4.204432970000000047e+00 1.532283349929533365e-13
4.205098630000000171e+00 1.512953512089865019e-13
4.205764300000000233e+00 1.492915416933331383e-13
4.206429960000000357e+00 1.495746363334786528e-13
4.207095630000000419e+00 1.513876994575645592e-13
4.207761289999999654e+00 1.517229310354136623e-13
4.208426959999999717e+00 1.515846382789235273e-13
4.209092619999999840e+00 1.524348581165006285e-13
4.209758289999999903e+00 1.532130145852479140e-13
4.210423950000000026e+00 1.535693751383720226e-13
4.211089620000000089e+00 1.535846731319072605e-13
4.211755280000000212e+00 1.533594822698287439e-13
4.212420950000000275e+00 1.533001460135567446e-13
4.213086610000000398e+00 1.534448251367887677e-13
4.213752279999999573e+00 1.535199571044661739e-13
4.214417939999999696e+00 1.534323864638309975e-13
4.215083599999999819e+00 1.532951645723954790e-13
4.215749269999999882e+00 1.531789172072369874e-13
4.216414930000000005e+00 1.530862669908358383e-13
4.217080600000000068e+00 1.530730637693964964e-13
4.217746260000000191e+00 1.530394939996337917e-13
4.218411930000000254e+00 1.528972742529660670e-13
4.219077590000000377e+00 1.527076368392272219e-13
4.219743260000000440e+00 1.525624651016555318e-13
4.220408919999999675e+00 1.525300454874996494e-13
4.221074589999999738e+00 1.525427617024175785e-13
4.221740249999999861e+00 1.525116425747931039e-13
4.222405919999999924e+00 1.524302376357745723e-13
4.223071580000000047e+00 1.522848759856741486e-13
4.223737250000000110e+00 1.521370151717359879e-13
4.224402910000000233e+00 1.520575784858709221e-13
4.225068580000000296e+00 1.519876611512674763e-13
4.225734240000000419e+00 1.518821869369225774e-13
4.226399899999999654e+00 1.518039325303134155e-13
4.227065569999999717e+00 1.517643253666862768e-13
4.227731229999999840e+00 1.517056230176148005e-13
4.228396899999999903e+00 1.516239732347761626e-13
4.229062560000000026e+00 1.515343761144877556e-13
4.229728230000000089e+00 1.514459035637585121e-13
4.230393890000000212e+00 1.513328869684498187e-13
4.231059560000000275e+00 1.511466815426952090e-13
4.231725220000000398e+00 1.509377872884477214e-13
4.232390889999999573e+00 1.508314950502258920e-13
4.233056549999999696e+00 1.507975564209776889e-13
4.233722219999999758e+00 1.507327185631574835e-13
4.234387879999999882e+00 1.506649365442391837e-13
4.235053549999999944e+00 1.506226850479670934e-13
4.235719210000000068e+00 1.505051092635887941e-13
4.236384880000000130e+00 1.502431239911546523e-13
4.237050540000000254e+00 1.499950648854901280e-13
4.237716200000000377e+00 1.499870549466020749e-13
4.238381870000000440e+00 1.500899936508138209e-13
4.239047529999999675e+00 1.500966333759567496e-13
4.239713199999999738e+00 1.499901146665094797e-13
4.240378859999999861e+00 1.498129771571651572e-13
4.241044529999999924e+00 1.496969839429230191e-13
4.241710190000000047e+00 1.496855670807764920e-13
4.242375860000000110e+00 1.496433586433882600e-13
4.243041520000000233e+00 1.495548920682926167e-13
4.243707190000000296e+00 1.494982139464684039e-13
4.244372850000000419e+00 1.494464171241802541e-13
4.245038519999999593e+00 1.492638502766839007e-13
4.245704179999999717e+00 1.487703291005514838e-13
4.246369849999999779e+00 1.481811664823446816e-13
4.247035509999999903e+00 1.481723483014356366e-13
4.247701170000000026e+00 1.484979088106997268e-13
4.248366840000000089e+00 1.486228494760834255e-13
4.249032500000000212e+00 1.486652689230258296e-13
4.249698170000000275e+00 1.486287784358120501e-13
4.250363830000000398e+00 1.484773752376678254e-13
4.251029499999999572e+00 1.482981973339479437e-13
4.251695159999999696e+00 1.481768633914199032e-13
4.252360829999999758e+00 1.481614141571496824e-13
4.253026489999999882e+00 1.481080618068652622e-13
4.253692159999999944e+00 1.480005524595673433e-13
4.254357820000000068e+00 1.479874707531530188e-13
4.255023490000000130e+00 1.479792033712377046e-13
4.255689150000000254e+00 1.478754768384944214e-13
4.256354820000000316e+00 1.477367993444007542e-13
4.257020480000000440e+00 1.476457764399096193e-13
4.257686149999999614e+00 1.475434289170204688e-13
4.258351809999999737e+00 1.473528407041186060e-13
4.259017469999999861e+00 1.472330643077686405e-13
4.259683139999999923e+00 1.471979860767836719e-13
4.260348800000000047e+00 1.470521002465811219e-13
4.261014470000000109e+00 1.468837396357941124e-13
4.261680130000000233e+00 1.469006760490550966e-13
4.262345800000000295e+00 1.469569117295122804e-13
4.263011460000000419e+00 1.469090865017196782e-13
4.263677129999999593e+00 1.467941148166168209e-13
4.264342789999999717e+00 1.466080159478233736e-13
4.265008459999999779e+00 1.462934839308723884e-13
4.265674119999999903e+00 1.458579567367231679e-13
4.266339789999999965e+00 1.456201163546527979e-13
4.267005450000000089e+00 1.457543964050434728e-13
4.267671120000000151e+00 1.459206862281661785e-13
4.268336780000000275e+00 1.458977684318395366e-13
4.269002450000000337e+00 1.458452355704510542e-13
4.269668109999999572e+00 1.458658821133376887e-13
4.270333769999999696e+00 1.458601920281342759e-13
4.270999439999999758e+00 1.457458168274796537e-13
4.271665099999999882e+00 1.455174440176723025e-13
4.272330769999999944e+00 1.453003150373258152e-13
4.272996430000000068e+00 1.452448356906030558e-13
4.273662100000000130e+00 1.452449609976638148e-13
4.274327760000000254e+00 1.451487854427405498e-13
4.274993430000000316e+00 1.449910473924627591e-13
4.275659090000000440e+00 1.449046201111571101e-13
4.276324759999999614e+00 1.449501575204228675e-13
4.276990419999999737e+00 1.449850386175462856e-13
4.277656089999999800e+00 1.449192725399467465e-13
4.278321749999999923e+00 1.447991378156739684e-13
4.278987419999999986e+00 1.447045438017714160e-13
4.279653080000000109e+00 1.446184651391792835e-13
4.280318750000000172e+00 1.445170870504892182e-13
4.280984410000000295e+00 1.444792378897637488e-13
4.281650070000000419e+00 1.444743265071402537e-13
4.282315739999999593e+00 1.444009357991067167e-13
4.282981399999999716e+00 1.442942300283392839e-13
4.283647069999999779e+00 1.442282015431687974e-13
4.284312729999999902e+00 1.441657085446522840e-13
4.284978399999999965e+00 1.440774348076266798e-13
4.285644060000000088e+00 1.439492319705503401e-13
4.286309730000000151e+00 1.437653943667879446e-13
4.286975390000000274e+00 1.435204940123938785e-13
4.287641060000000337e+00 1.432314680688878274e-13
4.288306719999999572e+00 1.429997282604627818e-13
4.288972389999999635e+00 1.429685098683952554e-13
4.289638049999999758e+00 1.430851057634118644e-13
4.290303719999999821e+00 1.431599678825197528e-13
4.290969379999999944e+00 1.431683287429308565e-13
4.291635050000000007e+00 1.431434246837091024e-13
4.292300710000000130e+00 1.430912557137896770e-13
4.292966370000000254e+00 1.429000469903090266e-13
4.293632040000000316e+00 1.417226983302113259e-13
4.294297700000000440e+00 1.378787509062838476e-13
4.294963369999999614e+00 1.326223199846896923e-13
4.295629029999999737e+00 1.307039469706542642e-13
4.296294699999999800e+00 1.323224597020643482e-13
4.296960359999999923e+00 1.343032327772338952e-13
4.297626029999999986e+00 1.355527971315095076e-13
4.298291690000000109e+00 1.362738054333903861e-13
4.298957360000000172e+00 1.367024946083021611e-13
4.299623020000000295e+00 1.369717452414953178e-13
4.300288690000000358e+00 1.371907156810014535e-13
4.300954349999999593e+00 1.374039808764010554e-13
4.301620019999999656e+00 1.375683512829333710e-13
4.302285679999999779e+00 1.377082147550358187e-13
4.302951349999999842e+00 1.378150876789684106e-13
4.303617009999999965e+00 1.378961507981226089e-13
4.304282670000000088e+00 1.379585241921332334e-13
4.304948340000000151e+00 1.380168373278146800e-13
4.305614000000000274e+00 1.380119900394770910e-13
4.306279670000000337e+00 1.380628779771854547e-13
4.306945329999999572e+00 1.380646369672925762e-13
4.307610999999999635e+00 1.381081725357385185e-13
4.308276659999999758e+00 1.381053107244836484e-13
4.308942329999999821e+00 1.380050867932344493e-13
4.309607989999999944e+00 1.379333448602260112e-13
4.310273660000000007e+00 1.373326387138532069e-13
4.310939320000000130e+00 1.367520185785941084e-13
4.311604990000000193e+00 1.366041762007914031e-13
4.312270650000000316e+00 1.372041095102361898e-13
4.312936320000000379e+00 1.378910014495390349e-13
4.313601979999999614e+00 1.376514992875725541e-13
4.314267639999999737e+00 1.376376375757951760e-13
4.314933309999999800e+00 1.377056122203768472e-13
4.315598969999999923e+00 1.372816166547016495e-13
4.316264639999999986e+00 1.375478649742472422e-13
4.316930300000000109e+00 1.376582465514384017e-13
4.317595970000000172e+00 1.371560517496964766e-13
4.318261630000000295e+00 1.374682084266632723e-13
4.318927300000000358e+00 1.375474520175902945e-13
4.319592959999999593e+00 1.368685806498308270e-13
4.320258629999999656e+00 1.369651342876307031e-13
4.320924289999999779e+00 1.368356718347428515e-13
4.321589959999999842e+00 1.360237076782606931e-13
4.322255619999999965e+00 1.364634052460037543e-13
4.322921290000000027e+00 1.372166899199746910e-13
4.323586950000000151e+00 1.366710622507048277e-13
4.324252620000000213e+00 1.364147394434342221e-13
4.324918280000000337e+00 1.369255747446536751e-13
4.325583939999999572e+00 1.362428619475077416e-13
4.326249609999999635e+00 1.349935952560643797e-13
4.326915269999999758e+00 1.353845918714130531e-13
4.327580939999999821e+00 1.363090359781664240e-13
4.328246599999999944e+00 1.358685443450412878e-13
4.328912270000000007e+00 1.355042241906171937e-13
4.329577930000000130e+00 1.363379195150833631e-13
4.330243600000000193e+00 1.364847777570900127e-13
4.330909260000000316e+00 1.353312534636442605e-13
4.331574930000000379e+00 1.347817502523156916e-13
4.332240589999999614e+00 1.352415579047978143e-13
4.332906259999999676e+00 1.352694108499060225e-13
4.333571919999999800e+00 1.348931166153018006e-13
4.334237589999999862e+00 1.355915305192023434e-13
4.334903249999999986e+00 1.365189340763086843e-13
4.335568920000000048e+00 1.359804600380463300e-13
4.336234580000000172e+00 1.349927896047509025e-13
4.336900240000000295e+00 1.354739148540949986e-13
4.337565910000000358e+00 1.363333346128114140e-13
4.338231569999999593e+00 1.357666623020328472e-13
4.338897239999999655e+00 1.346514683596907602e-13
4.339562899999999779e+00 1.349272975223473784e-13
4.340228569999999841e+00 1.357155635026761524e-13
4.340894229999999965e+00 1.352561020655134757e-13
4.341559900000000027e+00 1.340694515912901310e-13
4.342225560000000151e+00 1.341529067714194387e-13
4.342891230000000213e+00 1.353404245279134234e-13
4.343556890000000337e+00 1.354584888951407952e-13
4.344222560000000399e+00 1.340438959474826974e-13
4.344888219999999635e+00 1.330493193063245105e-13
4.345553889999999697e+00 1.336237530053726751e-13
4.346219549999999820e+00 1.343708644576432355e-13
4.346885219999999883e+00 1.338589479012261931e-13
4.347550880000000006e+00 1.323055564870636357e-13
4.348216540000000130e+00 1.318763964327850032e-13
4.348882210000000192e+00 1.325128817333331884e-13
4.349547870000000316e+00 1.312594810028812223e-13
4.350213540000000378e+00 1.271295853831025638e-13
4.350879199999999614e+00 1.240051052177149674e-13
4.351544869999999676e+00 1.241295751321725003e-13
4.352210529999999800e+00 1.251732860650759127e-13
4.352876199999999862e+00 1.259418631448526999e-13
4.353541859999999986e+00 1.262877686475988968e-13
4.354207530000000048e+00 1.271838256764094835e-13
4.354873190000000172e+00 1.288672344550540379e-13
4.355538860000000234e+00 1.296906828828687314e-13
4.356204520000000358e+00 1.291298470426440127e-13
4.356870190000000420e+00 1.282105094950973527e-13
4.357535849999999655e+00 1.287048793911623048e-13
4.358201519999999718e+00 1.301544953580317395e-13
4.358867179999999841e+00 1.307049036031728633e-13
4.359532839999999965e+00 1.299871010278285592e-13
4.360198510000000027e+00 1.288248599366452138e-13
4.360864170000000151e+00 1.290913939578461229e-13
4.361529840000000213e+00 1.303881013695753464e-13
4.362195500000000337e+00 1.307488786242973621e-13
4.362861170000000399e+00 1.296922668808670619e-13
4.363526829999999634e+00 1.277218739617480851e-13
4.364192499999999697e+00 1.278074579105078106e-13
4.364858159999999820e+00 1.295455447664511040e-13
4.365523829999999883e+00 1.307294730325435310e-13
4.366189490000000006e+00 1.302867903810530156e-13
4.366855160000000069e+00 1.285755745436440054e-13
4.367520820000000192e+00 1.282509800962697920e-13
4.368186490000000255e+00 1.292388074663812381e-13
4.368852150000000378e+00 1.300946863956718607e-13
4.369517820000000441e+00 1.300486516151428872e-13
4.370183479999999676e+00 1.285300146830705872e-13
4.370849139999999799e+00 1.277283868318531958e-13
4.371514809999999862e+00 1.286628326562010815e-13
4.372180469999999985e+00 1.295922947405123242e-13
4.372846140000000048e+00 1.301158206541278047e-13
4.373511800000000171e+00 1.291823737547947425e-13
4.374177470000000234e+00 1.270007061655882408e-13
4.374843130000000357e+00 1.269278571320481173e-13
4.375508800000000420e+00 1.285679920695459112e-13
4.376174459999999655e+00 1.293063717977822124e-13
4.376840129999999718e+00 1.296727902899237319e-13
4.377505789999999841e+00 1.290468333194724591e-13
4.378171459999999904e+00 1.269725483384325959e-13
4.378837120000000027e+00 1.266123491329721386e-13
4.379502790000000090e+00 1.281882143583101279e-13
4.380168450000000213e+00 1.289083187706873831e-13
4.380834110000000337e+00 1.285697263825353014e-13
4.381499780000000399e+00 1.279529898047904034e-13
4.382165439999999634e+00 1.270944546827930762e-13
4.382831109999999697e+00 1.270340678002043424e-13
4.383496769999999820e+00 1.282202294469353541e-13
4.384162439999999883e+00 1.294486332700662469e-13
4.384828100000000006e+00 1.288129732522076132e-13
4.385493770000000069e+00 1.265537255549589319e-13
4.386159430000000192e+00 1.259033150922360292e-13
4.386825100000000255e+00 1.272290132989013648e-13
4.387490760000000378e+00 1.273182185798644257e-13
4.388156430000000441e+00 1.267473827200422393e-13
4.388822089999999676e+00 1.273514107936224885e-13
4.389487759999999739e+00 1.272947603613697410e-13
4.390153419999999862e+00 1.262251612187221140e-13
4.390819089999999925e+00 1.266488588590382608e-13
4.391484750000000048e+00 1.284650801768172615e-13
4.392150410000000171e+00 1.293217670438421269e-13
4.392816080000000234e+00 1.281745867163193192e-13
4.393481740000000357e+00 1.260770903210303763e-13
4.394147410000000420e+00 1.255377994677353075e-13
4.394813069999999655e+00 1.269141509987045037e-13
4.395478739999999718e+00 1.275492359855106653e-13
4.396144399999999841e+00 1.269883436093347412e-13
4.396810069999999904e+00 1.271125654843285991e-13
4.397475730000000027e+00 1.268811976894533905e-13
4.398141400000000090e+00 1.250694423730588382e-13
4.398807060000000213e+00 1.239774784372168343e-13
4.399472730000000276e+00 1.250188679178616652e-13
4.400138390000000399e+00 1.267797835099605442e-13
4.400804059999999573e+00 1.273976228003979683e-13
4.401469719999999697e+00 1.259899582963843785e-13
4.402135389999999759e+00 1.231172236580573525e-13
4.402801049999999883e+00 1.219116990164177084e-13
4.403466710000000006e+00 1.235936599517597080e-13
4.404132380000000069e+00 1.251412001551467469e-13
4.404798040000000192e+00 1.250571515371665040e-13
4.405463710000000255e+00 1.248754095303253184e-13
4.406129370000000378e+00 1.237628345261541203e-13
4.406795040000000441e+00 1.194862602908506384e-13
4.407460699999999676e+00 1.159358773472885921e-13
4.408126369999999739e+00 1.165114442496729799e-13
4.408792029999999862e+00 1.189954192453504544e-13
4.409457699999999925e+00 1.210192064561236440e-13
4.410123360000000048e+00 1.214751377286541718e-13
4.410789030000000110e+00 1.199842756043032525e-13
4.411454690000000234e+00 1.183611703445656500e-13
4.412120360000000296e+00 1.197321325246739181e-13
4.412786020000000420e+00 1.225095200820447255e-13
4.413451689999999594e+00 1.237093949651621092e-13
4.414117349999999718e+00 1.231024921505101736e-13
4.414783009999999841e+00 1.216162945929969298e-13
4.415448679999999904e+00 1.207447239261596215e-13
4.416114340000000027e+00 1.213067246392696275e-13
4.416780010000000090e+00 1.226344150566197632e-13
4.417445670000000213e+00 1.229377034570176873e-13
4.418111340000000276e+00 1.221900494455327281e-13
4.418777000000000399e+00 1.224233376461015132e-13
4.419442669999999573e+00 1.230534717615608179e-13
4.420108329999999697e+00 1.222151192482942449e-13
4.420773999999999759e+00 1.208899273418429875e-13
4.421439659999999883e+00 1.208171559874463490e-13
4.422105329999999945e+00 1.215936557277981178e-13
4.422770990000000069e+00 1.231035844623646663e-13
4.423436660000000131e+00 1.242077184215798413e-13
4.424102320000000255e+00 1.234382803584368210e-13
4.424767990000000317e+00 1.211063520347451465e-13
4.425433650000000441e+00 1.193380366881532808e-13
4.426099309999999676e+00 1.207782020677904647e-13
4.426764979999999738e+00 1.234541950442328343e-13
4.427430639999999862e+00 1.241018855252173343e-13
4.428096309999999924e+00 1.232728081529439869e-13
4.428761970000000048e+00 1.219686561018512062e-13
4.429427640000000110e+00 1.201834901479617696e-13
4.430093300000000234e+00 1.199464284766982404e-13
4.430758970000000296e+00 1.221463450253022251e-13
4.431424630000000420e+00 1.231697620147511932e-13
4.432090299999999594e+00 1.216897929065671025e-13
4.432755959999999718e+00 1.207654587700303503e-13
4.433421629999999780e+00 1.211646955668895373e-13
4.434087289999999904e+00 1.208858779487399702e-13
4.434752959999999966e+00 1.204525749816837644e-13
4.435418620000000089e+00 1.211181513551852197e-13
4.436084290000000152e+00 1.211079084208855899e-13
4.436749950000000275e+00 1.206006539182364801e-13
4.437415610000000399e+00 1.219338196150931663e-13
4.438081279999999573e+00 1.231060071696259818e-13
4.438746939999999697e+00 1.223281254097990765e-13
4.439412609999999759e+00 1.207187837620149340e-13
4.440078269999999883e+00 1.191711470048686353e-13
4.440743939999999945e+00 1.187578663958349369e-13
4.441409600000000069e+00 1.203823089854644313e-13
4.442075270000000131e+00 1.228724751744357258e-13
4.442740930000000255e+00 1.237576807582581593e-13
4.443406600000000317e+00 1.223271433023967498e-13
4.444072260000000441e+00 1.198922204649760354e-13
4.444737929999999615e+00 1.180232922503618573e-13
4.445403589999999738e+00 1.182728411530028134e-13
4.446069259999999801e+00 1.197849596479445411e-13
4.446734919999999924e+00 1.209930645286390945e-13
4.447400580000000048e+00 1.219530588039518195e-13
4.448066250000000110e+00 1.212386068872247994e-13
4.448731910000000234e+00 1.186728467437995732e-13
4.449397580000000296e+00 1.174862642037208457e-13
4.450063240000000420e+00 1.186863759484730126e-13
4.450728909999999594e+00 1.205492741527941464e-13
4.451394569999999717e+00 1.213615390387688978e-13
4.452060239999999780e+00 1.205554912477116679e-13
4.452725899999999903e+00 1.197519051518084166e-13
4.453391569999999966e+00 1.201608691295864497e-13
4.454057230000000089e+00 1.208046546920910557e-13
4.454722900000000152e+00 1.196888041401396441e-13
4.455388560000000275e+00 1.185098502257193140e-13
4.456054230000000338e+00 1.193956711587746824e-13
4.456719889999999573e+00 1.199669614254530359e-13
4.457385559999999636e+00 1.186396976603505767e-13
4.458051219999999759e+00 1.183702711178645660e-13
4.458716879999999883e+00 1.201102521382801831e-13
4.459382549999999945e+00 1.213376595828187314e-13
4.460048210000000068e+00 1.203354264541993493e-13
4.460713880000000131e+00 1.177185202251639660e-13
4.461379540000000254e+00 1.166620711743004873e-13
4.462045210000000317e+00 1.181788607516061581e-13
4.462710870000000440e+00 1.201808930186932856e-13
4.463376539999999615e+00 1.206777308936384598e-13
4.464042199999999738e+00 1.193611103294415395e-13
4.464707869999999801e+00 1.168205776008171569e-13
4.465373529999999924e+00 1.131805851646857508e-13
4.466039199999999987e+00 1.101555189806107833e-13
4.466704860000000110e+00 1.101767313384466655e-13
4.467370530000000173e+00 1.127116541264564973e-13
4.468036190000000296e+00 1.155441631844945167e-13
4.468701860000000359e+00 1.173314438994926668e-13
4.469367519999999594e+00 1.174303683981014905e-13
4.470033179999999717e+00 1.156114005731935781e-13
4.470698849999999780e+00 1.130028776609739094e-13
4.471364509999999903e+00 1.125361804711944939e-13
4.472030179999999966e+00 1.145580653536736395e-13
4.472695840000000089e+00 1.166399855297721927e-13
4.473361510000000152e+00 1.170479020969500992e-13
4.474027170000000275e+00 1.164188183537366612e-13
4.474692840000000338e+00 1.161244956302988220e-13
4.475358499999999573e+00 1.159904326533377233e-13
4.476024169999999636e+00 1.161199299973437617e-13
4.476689829999999759e+00 1.153816984816561977e-13
4.477355499999999822e+00 1.137142551794183473e-13
4.478021159999999945e+00 1.143000037246641958e-13
4.478686830000000008e+00 1.168880132523130007e-13
4.479352490000000131e+00 1.176131647063535534e-13
4.480018160000000194e+00 1.160939098546078647e-13
4.480683820000000317e+00 1.146712627514838098e-13
4.481349480000000440e+00 1.146346408172959304e-13
4.482015149999999615e+00 1.161018066907674482e-13
4.482680809999999738e+00 1.167352944152215111e-13
4.483346479999999801e+00 1.163421363808190868e-13
4.484012139999999924e+00 1.163167950661627672e-13
4.484677809999999987e+00 1.147936184870666043e-13
4.485343470000000110e+00 1.138925713993256112e-13
4.486009140000000173e+00 1.160935572095578552e-13
4.486674800000000296e+00 1.177867359561842701e-13
4.487340470000000359e+00 1.178230301301021152e-13
4.488006129999999594e+00 1.165421683435283908e-13
4.488671799999999656e+00 1.133307620570345267e-13
4.489337459999999780e+00 1.116710053903926407e-13
4.490003129999999842e+00 1.133335088934950696e-13
4.490668789999999966e+00 1.155566663387232627e-13
4.491334460000000028e+00 1.166563317308351901e-13
4.492000120000000152e+00 1.164505559347669076e-13
4.492665780000000275e+00 1.155533778505064990e-13
4.493331450000000338e+00 1.153012306954956619e-13
4.493997109999999573e+00 1.151816297527629061e-13
4.494662779999999636e+00 1.135782014119371403e-13
4.495328439999999759e+00 1.124432289155171789e-13
4.495994109999999822e+00 1.134259025962134820e-13
4.496659769999999945e+00 1.147207084259680652e-13
4.497325440000000008e+00 1.157235716757883146e-13
4.497991100000000131e+00 1.162736736582935527e-13
4.498656770000000193e+00 1.165918075597027647e-13
4.499322430000000317e+00 1.162928302199235507e-13
4.499988100000000379e+00 1.138016440012920018e-13
4.500653759999999615e+00 1.112947553790221632e-13
4.501319429999999677e+00 1.126600969673380516e-13
4.501985089999999801e+00 1.156728091604776269e-13
4.502650759999999863e+00 1.165575035312463598e-13
4.503316419999999987e+00 1.156933083426865743e-13
4.503982080000000110e+00 1.146558972681637489e-13
4.504647750000000173e+00 1.126541265148702964e-13
4.505313410000000296e+00 1.093156001113878462e-13
4.505979080000000359e+00 1.077235455430762386e-13
4.506644739999999594e+00 1.095367300032354544e-13
4.507310409999999656e+00 1.128787988214127231e-13
4.507976069999999780e+00 1.150453532842628559e-13
4.508641739999999842e+00 1.143454494183796060e-13
4.509307399999999966e+00 1.131874471322929778e-13
4.509973070000000028e+00 1.135115777060147840e-13
4.510638730000000152e+00 1.135175383997664910e-13
4.511304400000000214e+00 1.134780549014604966e-13
4.511970060000000338e+00 1.137437284781965890e-13
4.512635730000000400e+00 1.129973478021175322e-13
4.513301389999999635e+00 1.117951078990896683e-13
4.513967049999999759e+00 1.124159942895423241e-13
4.514632719999999821e+00 1.137342861876581291e-13
4.515298379999999945e+00 1.141118377692701661e-13
4.515964050000000007e+00 1.137954344752293795e-13
4.516629710000000131e+00 1.137157140341263457e-13
4.517295380000000193e+00 1.139200421122782453e-13
4.517961040000000317e+00 1.136276087293453692e-13
4.518626710000000379e+00 1.133769673555923206e-13
4.519292369999999615e+00 1.131116890498404994e-13
4.519958039999999677e+00 1.134311002317137229e-13
4.520623699999999801e+00 1.133719422463313262e-13
4.521289369999999863e+00 1.119239569532889254e-13
4.521955029999999987e+00 1.110773697988454913e-13
4.522620700000000049e+00 1.121334077245947641e-13
4.523286360000000172e+00 1.132688485167793322e-13
4.523952030000000235e+00 1.113234622228791505e-13
4.524617690000000358e+00 1.075841654699866622e-13
4.525283349999999594e+00 1.060622421347019675e-13
4.525949019999999656e+00 1.066992158253400660e-13
4.526614679999999780e+00 1.068530611124940814e-13
4.527280349999999842e+00 1.058529716084365137e-13
4.527946009999999966e+00 1.068733510385328631e-13
4.528611680000000028e+00 1.098703711201477118e-13
4.529277340000000152e+00 1.119435863435278446e-13
4.529943010000000214e+00 1.125035471429757370e-13
4.530608670000000338e+00 1.115084403096220736e-13
4.531274340000000400e+00 1.091146178097495099e-13
4.531939999999999635e+00 1.070853472714122261e-13
4.532605669999999698e+00 1.071628850234875437e-13
4.533271329999999821e+00 1.089532984032371617e-13
4.533936999999999884e+00 1.106142291375732498e-13
4.534602660000000007e+00 1.109855156295124242e-13
4.535268330000000070e+00 1.111703671653994797e-13
4.535933990000000193e+00 1.116440281375419112e-13
4.536599650000000317e+00 1.115912850266890039e-13
4.537265320000000379e+00 1.113850406641380100e-13
4.537930979999999614e+00 1.099023331656017268e-13
4.538596649999999677e+00 1.076621975598119932e-13
4.539262309999999800e+00 1.080500532636702582e-13
4.539927979999999863e+00 1.102241625938012551e-13
4.540593639999999986e+00 1.110338775529666018e-13
4.541259310000000049e+00 1.095397751267897153e-13
4.541924970000000172e+00 1.083140426531764249e-13
4.542590640000000235e+00 1.095301286721792048e-13
4.543256300000000358e+00 1.107395750912603623e-13
4.543921970000000421e+00 1.102946722712474312e-13
4.544587629999999656e+00 1.087619334098570955e-13
4.545253299999999719e+00 1.070419643548614078e-13
4.545918959999999842e+00 1.064949858218918881e-13
4.546584629999999905e+00 1.075390694530022630e-13
4.547250290000000028e+00 1.092659284794919472e-13
4.547915950000000151e+00 1.106396637240687677e-13
4.548581620000000214e+00 1.112499527214894971e-13
4.549247280000000337e+00 1.103209608699580351e-13
4.549912950000000400e+00 1.086553637417290122e-13
4.550578609999999635e+00 1.077799433764789825e-13
4.551244279999999698e+00 1.069043040923753333e-13
4.551909939999999821e+00 1.059950699571115074e-13
4.552575609999999884e+00 1.072825690195160744e-13
4.553241270000000007e+00 1.091345222803330108e-13
4.553906940000000070e+00 1.092865521074202967e-13
4.554572600000000193e+00 1.101394448942907994e-13
4.555238270000000256e+00 1.116134080855224639e-13
4.555903930000000379e+00 1.105935833601758818e-13
4.556569600000000442e+00 1.075276283957040731e-13
4.557235259999999677e+00 1.064755754022833793e-13
4.557900929999999740e+00 1.076064299121571898e-13
4.558566589999999863e+00 1.078355830767308889e-13
4.559232249999999986e+00 1.073965380844968924e-13
4.559897920000000049e+00 1.085852975479952430e-13
4.560563580000000172e+00 1.101122347764821115e-13
4.561229250000000235e+00 1.092010273113007598e-13
4.561894910000000358e+00 1.063306077876445426e-13
4.562560580000000421e+00 1.050301082427716165e-13
4.563226239999999656e+00 1.065695332454751579e-13
4.563891909999999719e+00 1.084860892250308064e-13
4.564557569999999842e+00 1.088801160553237779e-13
4.565223239999999905e+00 1.082647872282562722e-13
4.565888900000000028e+00 1.071157454659184459e-13
4.566554570000000091e+00 1.060784645035204240e-13
4.567220230000000214e+00 1.059359946834148300e-13
4.567885900000000277e+00 1.068118675122373873e-13
4.568551560000000400e+00 1.075362202678321241e-13
4.569217229999999574e+00 1.068889268531890698e-13
4.569882889999999698e+00 1.063470151290198643e-13
4.570548549999999821e+00 1.067082956696171749e-13
4.571214219999999884e+00 1.080950638275589632e-13
4.571879880000000007e+00 1.090099337871291222e-13
4.572545550000000070e+00 1.070559782000652910e-13
4.573211210000000193e+00 1.047865605429386568e-13
4.573876880000000256e+00 1.059369412776864755e-13
4.574542540000000379e+00 1.072574797248574218e-13
4.575208210000000442e+00 1.059055655368750002e-13
4.575873869999999677e+00 1.049966680942415026e-13
4.576539539999999739e+00 1.068819132525005399e-13
4.577205199999999863e+00 1.092571956029687862e-13
4.577870869999999925e+00 1.094222245277188960e-13
4.578536530000000049e+00 1.075880100972361602e-13
4.579202200000000111e+00 1.054688875062621727e-13
4.579867860000000235e+00 1.042405353510422738e-13
4.580533520000000358e+00 1.052916592981615878e-13
4.581199190000000421e+00 1.069951665364244542e-13
4.581864849999999656e+00 1.068588043187325333e-13
4.582530519999999719e+00 1.065452050653280167e-13
4.583196179999999842e+00 1.067797177166150238e-13
4.583861849999999905e+00 1.057718657126671769e-13
4.584527510000000028e+00 1.041537650891126565e-13
4.585193180000000091e+00 1.036334909904397177e-13
4.585858840000000214e+00 1.036204713766782817e-13
4.586524510000000276e+00 1.036959922747479895e-13
4.587190170000000400e+00 1.034690443937520528e-13
4.587855839999999574e+00 1.031857459489085297e-13
4.588521499999999698e+00 1.028500741579828236e-13
4.589187169999999760e+00 1.018195968835968889e-13
4.589852829999999884e+00 1.017858947907484619e-13
4.590518499999999946e+00 1.041290168153579045e-13
4.591184160000000070e+00 1.065670652191710922e-13
4.591849820000000193e+00 1.072471452898561987e-13
4.592515490000000256e+00 1.064610919603485824e-13
4.593181150000000379e+00 1.048819331465719238e-13
4.593846820000000442e+00 1.034017491815532203e-13
4.594512479999999677e+00 1.021372730640914392e-13
4.595178149999999739e+00 1.013956262952487199e-13
4.595843809999999863e+00 1.020761122105938008e-13
4.596509479999999925e+00 1.036731072098290024e-13
4.597175140000000049e+00 1.053884990287760854e-13
4.597840810000000111e+00 1.065274275198951107e-13
4.598506470000000235e+00 1.059645949488830723e-13
4.599172140000000297e+00 1.045424105241358685e-13
4.599837800000000421e+00 1.042250396713990918e-13
4.600503469999999595e+00 1.046114027527385055e-13
4.601169129999999718e+00 1.034204498439041268e-13
4.601834799999999781e+00 1.010273934273320191e-13
4.602500459999999904e+00 1.012939061584215528e-13
4.603166120000000028e+00 1.034803067915356609e-13
4.603831790000000090e+00 1.036145693444199694e-13
4.604497450000000214e+00 1.028977569026721358e-13
4.605163120000000276e+00 1.040261885701287383e-13
4.605828780000000400e+00 1.061872014916709057e-13
4.606494449999999574e+00 1.071396303082919554e-13
4.607160109999999698e+00 1.056268930620074943e-13
4.607825779999999760e+00 1.027837024450354830e-13
4.608491439999999884e+00 1.007472910774842926e-13
4.609157109999999946e+00 9.996957061828620973e-14
4.609822770000000070e+00 1.010758936998710948e-13
4.610488440000000132e+00 1.039551454836911901e-13
4.611154100000000255e+00 1.055904273862619684e-13
4.611819770000000318e+00 1.050360223306690183e-13
4.612485430000000441e+00 1.044631673189766722e-13
4.613151099999999616e+00 1.044448833823864705e-13
4.613816759999999739e+00 1.034989228585913175e-13
4.614482419999999863e+00 1.021833040736939198e-13
4.615148089999999925e+00 1.014191525297303338e-13
4.615813750000000049e+00 9.988050330596082904e-14
4.616479420000000111e+00 9.842022492543405491e-14
4.617145080000000235e+00 9.941565546026907450e-14
4.617810750000000297e+00 1.019774705180962885e-13
4.618476410000000421e+00 1.038390094080382378e-13
4.619142079999999595e+00 1.036250343064574232e-13
4.619807739999999718e+00 1.015656271593554452e-13
4.620473409999999781e+00 1.000785254991929432e-13
4.621139069999999904e+00 1.011219506638105025e-13
4.621804739999999967e+00 1.029373261400948587e-13
4.622470400000000090e+00 1.034144872499129945e-13
4.623136070000000153e+00 1.030320582901277805e-13
4.623801730000000276e+00 1.028158339053562076e-13
4.624467400000000339e+00 1.016370774709649415e-13
4.625133059999999574e+00 9.951528613725841948e-14
4.625798719999999697e+00 9.879682663747845612e-14
4.626464389999999760e+00 9.973521808680923503e-14
4.627130049999999883e+00 1.014043002264604436e-13
4.627795719999999946e+00 1.035364132564801518e-13
4.628461380000000069e+00 1.043625218864191348e-13
4.629127050000000132e+00 1.028115957600612369e-13
4.629792710000000255e+00 1.002833880847430091e-13
4.630458380000000318e+00 9.972509699218737466e-14
4.631124040000000441e+00 1.013590148578867369e-13
4.631789709999999616e+00 1.030211995303070020e-13
4.632455369999999739e+00 1.026338307059220437e-13
4.633121039999999802e+00 1.010274329081655225e-13
4.633786699999999925e+00 1.012731561223575204e-13
4.634452369999999988e+00 1.029529948635367092e-13
4.635118030000000111e+00 1.039266405150552156e-13
4.635783700000000174e+00 1.031376262038143455e-13
4.636449360000000297e+00 1.012390171464482151e-13
4.637115020000000420e+00 1.003078141434619473e-13
4.637780689999999595e+00 1.012384317026291356e-13
4.638446349999999718e+00 1.017684418890710937e-13
4.639112019999999781e+00 1.008133303083534800e-13
4.639777679999999904e+00 1.007056334658942752e-13
4.640443349999999967e+00 1.018165550504402811e-13
4.641109010000000090e+00 1.023744317839629380e-13
4.641774680000000153e+00 1.019649406479780301e-13
4.642440340000000276e+00 1.008166376549226223e-13
4.643106010000000339e+00 1.002561001145487773e-13
4.643771669999999574e+00 1.006358806662076736e-13
4.644437339999999637e+00 1.005515467964964957e-13
4.645102999999999760e+00 9.937364618325921370e-14
4.645768669999999823e+00 9.830327506234914760e-14
4.646434329999999946e+00 9.883030890021838017e-14
4.647099990000000069e+00 9.979522528487299218e-14
4.647765660000000132e+00 9.852649357640434781e-14
4.648431320000000255e+00 9.668161511292362489e-14
4.649096990000000318e+00 9.650265108026324107e-14
4.649762650000000441e+00 9.732446219110282932e-14
4.650428319999999616e+00 9.860357083422493078e-14
4.651093979999999739e+00 9.973445435985634620e-14
4.651759649999999802e+00 9.929959844292401714e-14
4.652425309999999925e+00 9.731756897724585424e-14
4.653090979999999988e+00 9.569458129515846321e-14
4.653756640000000111e+00 9.604197010950944262e-14
4.654422310000000174e+00 9.793718509537398307e-14
4.655087970000000297e+00 9.977148221949548427e-14
4.655753640000000360e+00 1.007483149533915800e-13
4.656419299999999595e+00 1.006574670576831428e-13
4.657084969999999657e+00 9.988586787819866780e-14
4.657750629999999781e+00 9.949281930236608526e-14
4.658416289999999904e+00 9.956801847040924584e-14
4.659081959999999967e+00 9.864505736787108498e-14
4.659747620000000090e+00 9.612819475508533948e-14
4.660413290000000153e+00 9.559013450013898847e-14
4.661078950000000276e+00 9.807080212902367855e-14
4.661744620000000339e+00 1.005438225149450358e-13
4.662410279999999574e+00 1.012086849206143605e-13
4.663075949999999636e+00 1.004216368421417431e-13
4.663741609999999760e+00 9.971580146323252347e-14
4.664407279999999822e+00 9.972944851851088277e-14
4.665072939999999946e+00 1.001789505548127742e-13
4.665738610000000008e+00 9.952205444193642403e-14
4.666404270000000132e+00 9.730759596279365435e-14
4.667069940000000194e+00 9.616300714856173021e-14
4.667735600000000318e+00 9.664777783079600602e-14
4.668401270000000380e+00 9.727506380299706749e-14
4.669066929999999616e+00 9.876396861686568093e-14
4.669732589999999739e+00 1.005746025094215698e-13
4.670398259999999802e+00 1.010204767764755849e-13
4.671063919999999925e+00 1.006241717670335828e-13
4.671729589999999988e+00 9.966770410952309062e-14
4.672395250000000111e+00 9.799103488836615133e-14
4.673060920000000174e+00 9.695558056116888824e-14
4.673726580000000297e+00 9.663104035573184243e-14
4.674392250000000359e+00 9.684994346856996350e-14
4.675057909999999595e+00 9.772482504166369003e-14
4.675723579999999657e+00 9.888381636747153969e-14
4.676389239999999781e+00 9.966223477274017604e-14
4.677054909999999843e+00 9.971336749116964392e-14
4.677720569999999967e+00 9.949476614131468803e-14
4.678386240000000029e+00 9.868470073007167260e-14
4.679051900000000153e+00 9.766705188704957281e-14
4.679717570000000215e+00 9.755760595215489661e-14
4.680383230000000339e+00 9.741706465570473255e-14
4.681048889999999574e+00 9.731705117607580169e-14
4.681714559999999636e+00 9.805771375278916342e-14
4.682380219999999760e+00 9.783090736328600212e-14
4.683045889999999822e+00 9.742764804446892401e-14
4.683711549999999946e+00 9.847423027041074359e-14
4.684377220000000008e+00 9.824493988369471538e-14
4.685042880000000132e+00 9.634533995272198248e-14
4.685708550000000194e+00 9.663433062272652461e-14
4.686374210000000318e+00 9.905326423646091501e-14
4.687039880000000380e+00 1.002502977634458443e-13
4.687705539999999615e+00 9.947294883164476112e-14
4.688371209999999678e+00 9.827768921040489691e-14
4.689036869999999801e+00 9.813272115537115652e-14
4.689702539999999864e+00 9.772453465361323061e-14
4.690368199999999987e+00 9.621323771768456572e-14
4.691033870000000050e+00 9.492855353409825787e-14
4.691699530000000173e+00 9.551140403163680704e-14
4.692365190000000297e+00 9.752081293807286269e-14
4.693030860000000359e+00 9.888532149200469456e-14
4.693696519999999595e+00 9.864270658660724502e-14
4.694362189999999657e+00 9.796319477953366542e-14
4.695027849999999781e+00 9.764463068012600979e-14
4.695693519999999843e+00 9.697213897699472296e-14
4.696359179999999967e+00 9.710622478982729187e-14
4.697024850000000029e+00 9.800894385682215384e-14
4.697690510000000153e+00 9.786022655786341999e-14
4.698356180000000215e+00 9.626364609969368978e-14
4.699021840000000338e+00 9.467823588601575457e-14
4.699687510000000401e+00 9.475374910289249147e-14
4.700353169999999636e+00 9.608540083185558424e-14
4.701018839999999699e+00 9.752221140704425972e-14
4.701684499999999822e+00 9.785657760940542754e-14
4.702350169999999885e+00 9.727756107827054589e-14
4.703015830000000008e+00 9.623599100635001267e-14
4.703681490000000132e+00 9.585552726080070832e-14
4.704347160000000194e+00 9.694345154249356572e-14
4.705012820000000318e+00 9.770122149273363235e-14
4.705678490000000380e+00 9.780237843087075075e-14
4.706344149999999615e+00 9.740631676710612106e-14
4.707009819999999678e+00 9.572777018732169598e-14
4.707675479999999801e+00 9.422014617348574791e-14
4.708341149999999864e+00 9.432880279659104945e-14
4.709006809999999987e+00 9.591716267861598091e-14
4.709672480000000050e+00 9.755503238242506361e-14
4.710338140000000173e+00 9.720714030418275237e-14
4.711003810000000236e+00 9.559518336779187618e-14
4.711669470000000359e+00 9.439213874104205896e-14
4.712335140000000422e+00 9.408135077930336768e-14
4.713000799999999657e+00 9.401481497612233453e-14
4.713666459999999780e+00 9.349048290501065439e-14
4.714332129999999843e+00 9.404545363421740218e-14
4.714997789999999966e+00 9.546484871740364002e-14
4.715663460000000029e+00 9.633280580889680909e-14
4.716329120000000152e+00 9.671719484977418581e-14
4.716994790000000215e+00 9.593171978597341019e-14
4.717660450000000338e+00 9.380062645377374741e-14
4.718326120000000401e+00 9.210301811519911820e-14
4.718991779999999636e+00 9.221467137050248763e-14
4.719657449999999699e+00 9.368089548277641906e-14
4.720323109999999822e+00 9.534686764037951898e-14
4.720988779999999885e+00 9.635141064241937898e-14
4.721654440000000008e+00 9.649265096899814193e-14
4.722320110000000071e+00 9.652658663278270756e-14
4.722985770000000194e+00 9.651290540659728585e-14
4.723651440000000257e+00 9.600497550353861379e-14
4.724317100000000380e+00 9.584216426608303598e-14
4.724982759999999615e+00 9.557304300367543990e-14
4.725648429999999678e+00 9.362930233392554097e-14
4.726314089999999801e+00 9.218069880085362819e-14
4.726979759999999864e+00 9.356403282101315993e-14
4.727645419999999987e+00 9.554413568738916788e-14
4.728311090000000050e+00 9.593128168981686041e-14
4.728976750000000173e+00 9.500537076801448372e-14
4.729642420000000236e+00 9.468514373708823734e-14
4.730308080000000359e+00 9.577788908499221923e-14
4.730973750000000422e+00 9.642376679547726275e-14
4.731639409999999657e+00 9.573034881933494275e-14
4.732305079999999720e+00 9.415870970285321684e-14
4.732970739999999843e+00 9.242800946953888612e-14
4.733636409999999906e+00 9.138210203928484201e-14
4.734302070000000029e+00 9.176813189020515762e-14
4.734967740000000092e+00 9.309837173815364450e-14
4.735633400000000215e+00 9.403321818996475440e-14
4.736299060000000338e+00 9.511650534423551798e-14
4.736964730000000401e+00 9.590805732875224883e-14
4.737630389999999636e+00 9.528688307335034725e-14
4.738296059999999699e+00 9.438384495326806263e-14
4.738961719999999822e+00 9.407572265319229299e-14
4.739627389999999885e+00 9.352454687279728708e-14
4.740293050000000008e+00 9.249624933336619126e-14
4.740958720000000071e+00 9.228344623285593388e-14
4.741624380000000194e+00 9.275135952257639820e-14
4.742290050000000257e+00 9.318891449914629616e-14
4.742955710000000380e+00 9.437548354064865814e-14
4.743621380000000443e+00 9.545370149128013889e-14
4.744287039999999678e+00 9.478205041535509340e-14
4.744952709999999740e+00 9.299854411994516938e-14
4.745618369999999864e+00 9.252561685977883641e-14
4.746284039999999926e+00 9.346661224137050622e-14
4.746949700000000050e+00 9.396066733230016941e-14
4.747615360000000173e+00 9.382957093843955202e-14
4.748281030000000236e+00 9.401798043320986761e-14
4.748946690000000359e+00 9.442505619039660451e-14
4.749612360000000422e+00 9.341012117409147911e-14
4.750278019999999657e+00 9.170355439035704686e-14
4.750943689999999719e+00 9.086275256797129458e-14
4.751609349999999843e+00 9.137854075627325884e-14
4.752275019999999905e+00 9.300627996147920286e-14
4.752940680000000029e+00 9.436365439500765876e-14
4.753606350000000091e+00 9.416077189768874119e-14
4.754272010000000215e+00 9.302290225796181905e-14
4.754937680000000277e+00 9.234715478333817231e-14
4.755603340000000401e+00 9.220158754016769515e-14
4.756269009999999575e+00 9.238886870346009838e-14
4.756934669999999699e+00 9.261833811699262567e-14
4.757600339999999761e+00 9.273975065453375734e-14
4.758265999999999885e+00 9.211588365675329070e-14
4.758931660000000008e+00 9.186270519867556389e-14
4.759597330000000071e+00 9.272067097211527590e-14
4.760262990000000194e+00 9.327658728462671679e-14
4.760928660000000257e+00 9.385089613509177540e-14
4.761594320000000380e+00 9.424467667964041341e-14
4.762259990000000442e+00 9.297974550391625605e-14
4.762925649999999678e+00 9.092595039261464063e-14
4.763591319999999740e+00 9.055438260126634536e-14
4.764256979999999864e+00 9.147743418346965950e-14
4.764922649999999926e+00 9.177430639952700293e-14
4.765588310000000050e+00 9.137376991828094838e-14
4.766253980000000112e+00 9.133873448369466420e-14
4.766919640000000236e+00 9.163161566793110594e-14
4.767585310000000298e+00 9.204207089291377707e-14
4.768250970000000422e+00 9.246442963765786137e-14
4.768916639999999596e+00 9.266567766686636826e-14
4.769582299999999719e+00 9.219812996326412024e-14
4.770247959999999843e+00 9.118435747289155598e-14
4.770913629999999905e+00 9.121581135427378961e-14
4.771579290000000029e+00 9.209586244163539104e-14
4.772244960000000091e+00 9.187633059115657268e-14
4.772910620000000215e+00 9.087732027279597989e-14
4.773576290000000277e+00 9.068600701970387337e-14
4.774241950000000401e+00 9.110087283586726367e-14
4.774907619999999575e+00 9.083979305616569771e-14
4.775573279999999698e+00 9.089473471049662194e-14
4.776238949999999761e+00 9.090458506598592779e-14
4.776904609999999884e+00 9.007906294447227444e-14
4.777570279999999947e+00 9.017180567707138131e-14
4.778235940000000070e+00 9.066521017997765421e-14
4.778901610000000133e+00 9.054015891332809350e-14
4.779567270000000256e+00 8.995891985867210536e-14
4.780232930000000380e+00 8.925523661142949230e-14
4.780898600000000442e+00 8.942847338379897508e-14
4.781564259999999678e+00 9.091624138351417705e-14
4.782229929999999740e+00 9.190795625908197586e-14
4.782895589999999864e+00 9.128187004131872413e-14
4.783561259999999926e+00 9.079650507834622568e-14
4.784226920000000050e+00 9.117852081131631442e-14
4.784892590000000112e+00 9.089747005751361204e-14
4.785558250000000236e+00 8.923200297863699143e-14
4.786223920000000298e+00 8.764086477791838373e-14
4.786889580000000421e+00 8.789026070381962538e-14
4.787555249999999596e+00 8.946350713373557454e-14
4.788220909999999719e+00 9.090386656098632300e-14
4.788886579999999782e+00 9.184402103292063448e-14
4.789552239999999905e+00 9.232557983533755135e-14
4.790217909999999968e+00 9.212157966060632402e-14
4.790883570000000091e+00 9.162492802335721335e-14
4.791549230000000215e+00 9.097679217889480048e-14
4.792214900000000277e+00 8.959299716102585671e-14
4.792880560000000401e+00 8.803594633025407526e-14
4.793546229999999575e+00 8.731243587218443869e-14
4.794211889999999698e+00 8.750103750119158274e-14
4.794877559999999761e+00 8.831918130665764692e-14
4.795543219999999884e+00 8.890616401598071219e-14
4.796208889999999947e+00 8.919031110851478213e-14
4.796874550000000070e+00 8.994878481168998672e-14
4.797540220000000133e+00 9.116198542784675417e-14
4.798205880000000256e+00 9.198925735671285041e-14
4.798871550000000319e+00 9.209495631185591932e-14
4.799537210000000442e+00 9.108811426478343969e-14
4.800202879999999617e+00 8.917448789863778552e-14
4.800868539999999740e+00 8.749481410138039531e-14
4.801534209999999803e+00 8.673769704941608620e-14
4.802199869999999926e+00 8.677532780038622541e-14
4.802865530000000049e+00 8.757708062239177838e-14
4.803531200000000112e+00 8.898639881147981901e-14
4.804196860000000235e+00 8.930293774767400100e-14
4.804862530000000298e+00 8.883299908573564497e-14
4.805528190000000421e+00 8.950818609739377732e-14
4.806193859999999596e+00 9.005647937264485941e-14
4.806859519999999719e+00 8.937631025839815656e-14
4.807525189999999782e+00 8.911958007659780351e-14
4.808190849999999905e+00 8.956563662031814158e-14
4.808856519999999968e+00 8.929389016756133661e-14
4.809522180000000091e+00 8.850807800029002182e-14
4.810187850000000154e+00 8.840550521569993534e-14
4.810853510000000277e+00 8.926642961673197346e-14
4.811519180000000340e+00 8.996705459011234245e-14
4.812184839999999575e+00 8.920115921304212440e-14
4.812850509999999638e+00 8.717270138754490436e-14
4.813516169999999761e+00 8.592330948439844110e-14
4.814181829999999884e+00 8.681776616415195890e-14
4.814847499999999947e+00 8.866156690370097222e-14
4.815513160000000070e+00 8.971870314161259426e-14
4.816178830000000133e+00 8.964806091065730313e-14
4.816844490000000256e+00 8.954830469945248006e-14
4.817510160000000319e+00 8.964706916866596447e-14
4.818175820000000442e+00 8.866236211668232410e-14
4.818841489999999617e+00 8.709967667550631138e-14
4.819507149999999740e+00 8.718382238417700934e-14
4.820172819999999803e+00 8.831414353963241596e-14
4.820838479999999926e+00 8.908968769181263820e-14
4.821504149999999989e+00 8.985431064178336559e-14
4.822169810000000112e+00 8.972328339874346822e-14
4.822835480000000175e+00 8.764207473169594030e-14
4.823501140000000298e+00 8.503302805187767899e-14
4.824166810000000361e+00 8.486333677197895022e-14
4.824832469999999596e+00 8.700978280478894212e-14
4.825498129999999719e+00 8.902635002719155690e-14
4.826163799999999782e+00 8.973467571178236390e-14
4.826829459999999905e+00 8.866620303048028341e-14
4.827495129999999968e+00 8.689039397037558566e-14
4.828160790000000091e+00 8.663058579174845912e-14
4.828826460000000154e+00 8.816364116840727007e-14
4.829492120000000277e+00 8.955862434994631546e-14
4.830157790000000340e+00 8.933854091474956134e-14
4.830823449999999575e+00 8.813757021191123729e-14
4.831489119999999637e+00 8.744290987608624412e-14
4.832154779999999761e+00 8.737632085655984590e-14
4.832820449999999823e+00 8.636625501674347908e-14
4.833486109999999947e+00 8.439068117964861086e-14
4.834151780000000009e+00 8.463986349162917180e-14
4.834817440000000133e+00 8.715506980295053115e-14
4.835483110000000195e+00 8.883799515489173242e-14
4.836148770000000319e+00 8.878035439677513729e-14
4.836814430000000442e+00 8.781106796959377017e-14
4.837480099999999617e+00 8.692483058763892033e-14
4.838145759999999740e+00 8.712395585544162382e-14
4.838811429999999802e+00 8.787380108916986981e-14
4.839477089999999926e+00 8.810586098539323381e-14
4.840142759999999988e+00 8.784856060958885011e-14
4.840808420000000112e+00 8.751140423339629752e-14
4.841474090000000174e+00 8.737735422712315108e-14
4.842139750000000298e+00 8.766565069473226219e-14
4.842805420000000360e+00 8.660424470719782017e-14
4.843471079999999596e+00 8.397525206235798609e-14
4.844136749999999658e+00 8.357790697928349051e-14
4.844802409999999782e+00 8.573258867721386839e-14
4.845468079999999844e+00 8.722233473272922582e-14
4.846133739999999968e+00 8.720615728929477485e-14
4.846799400000000091e+00 8.668068476829443633e-14
4.847465070000000154e+00 8.643573930587729375e-14
4.848130730000000277e+00 8.593549828093068600e-14
4.848796400000000340e+00 8.532765651750223920e-14
4.849462059999999575e+00 8.554831419588123056e-14
4.850127729999999637e+00 8.655442170069484457e-14
4.850793389999999761e+00 8.774825740599564243e-14
4.851459059999999823e+00 8.833351075474227970e-14
4.852124719999999947e+00 8.783460722801193970e-14
4.852790390000000009e+00 8.630590279033836568e-14
4.853456050000000133e+00 8.452211767169042926e-14
4.854121720000000195e+00 8.373325975994510178e-14
4.854787380000000319e+00 8.431699370415541238e-14
4.855453050000000381e+00 8.466068697152941519e-14
4.856118709999999616e+00 8.376552816453046261e-14
4.856784379999999679e+00 8.424941666770873146e-14
4.857450039999999802e+00 8.631963081804991558e-14
4.858115699999999926e+00 8.758619590965568504e-14
4.858781369999999988e+00 8.756228082392159563e-14
4.859447030000000112e+00 8.685872799165463141e-14
4.860112700000000174e+00 8.646376407473921511e-14
4.860778360000000298e+00 8.661710614509148002e-14
4.861444030000000360e+00 8.675349504418498737e-14
4.862109689999999595e+00 8.627655968620365298e-14
4.862775359999999658e+00 8.479379501062743544e-14
4.863441019999999781e+00 8.327721099765579883e-14
4.864106689999999844e+00 8.291368355181808270e-14
4.864772349999999967e+00 8.265451131193086987e-14
4.865438020000000030e+00 8.251958247962418436e-14
4.866103680000000153e+00 8.434839945019569215e-14
4.866769350000000216e+00 8.656351586707833577e-14
4.867435010000000339e+00 8.718932991616059458e-14
4.868100680000000402e+00 8.679010911183942432e-14
4.868766339999999637e+00 8.615459460836800017e-14
4.869431999999999761e+00 8.535521592093814349e-14
4.870097669999999823e+00 8.475685678871125632e-14
4.870763329999999947e+00 8.419889056446776233e-14
4.871429000000000009e+00 8.366786198571888337e-14
4.872094660000000133e+00 8.389594919120915947e-14
4.872760330000000195e+00 8.418680578571208163e-14
4.873425990000000319e+00 8.408346463234836570e-14
4.874091660000000381e+00 8.409438454350584376e-14
4.874757319999999616e+00 8.419887536202609542e-14
4.875422989999999679e+00 8.335349617252141359e-14
4.876088649999999802e+00 8.270464786438789341e-14
4.876754319999999865e+00 8.340213270958375215e-14
4.877419979999999988e+00 8.456914075565572061e-14
4.878085650000000051e+00 8.487138564945784150e-14
4.878751310000000174e+00 8.462048731217093166e-14
4.879416980000000237e+00 8.503154421790291233e-14
4.880082640000000360e+00 8.517224411234978921e-14
4.880748299999999595e+00 8.455901899476493105e-14
4.881413969999999658e+00 8.471181263640665788e-14
4.882079629999999781e+00 8.515285757561195355e-14
4.882745299999999844e+00 8.425900678437854825e-14
4.883410959999999967e+00 8.273150514912279937e-14
4.884076630000000030e+00 8.233881858745101270e-14
4.884742290000000153e+00 8.313845873539346514e-14
4.885407960000000216e+00 8.403585485625824272e-14
4.886073620000000339e+00 8.415408413896018015e-14
4.886739290000000402e+00 8.346018402887768298e-14
4.887404949999999637e+00 8.346864370357536801e-14
4.888070619999999700e+00 8.395444093417041588e-14
4.888736279999999823e+00 8.385758415192796008e-14
4.889401949999999886e+00 8.317275307895132329e-14
4.890067610000000009e+00 8.260655975632490712e-14
4.890733280000000072e+00 8.309690573484336057e-14
4.891398940000000195e+00 8.427801280971761744e-14
4.892064600000000318e+00 8.506676062595138450e-14
4.892730270000000381e+00 8.503058505104638807e-14
4.893395929999999616e+00 8.465781283934937123e-14
4.894061599999999679e+00 8.350160822774125136e-14
4.894727259999999802e+00 8.170509838472729812e-14
4.895392929999999865e+00 8.188827493462745651e-14
4.896058589999999988e+00 8.366463843396108489e-14
4.896724260000000051e+00 8.407139981129058965e-14
4.897389920000000174e+00 8.247549142822910663e-14
4.898055590000000237e+00 8.115466324388871806e-14
4.898721250000000360e+00 8.181533498686117378e-14
4.899386920000000423e+00 8.286788313299418675e-14
4.900052579999999658e+00 8.361255979519835791e-14
4.900718249999999721e+00 8.414273016862542648e-14
4.901383909999999844e+00 8.431999755495659879e-14
4.902049579999999906e+00 8.415502346862127889e-14
4.902715240000000030e+00 8.350562668389186169e-14
4.903380900000000153e+00 8.326285936083992185e-14
4.904046570000000216e+00 8.317778108478750912e-14
4.904712230000000339e+00 8.169722054018110373e-14
4.905377900000000402e+00 8.064163604297506558e-14
4.906043559999999637e+00 8.173072590607174985e-14
4.906709229999999700e+00 8.273036977078815978e-14
4.907374889999999823e+00 8.255131962797904228e-14
4.908040559999999886e+00 8.164587633113535426e-14
4.908706220000000009e+00 8.071301671617108729e-14
4.909371890000000072e+00 8.132363811610130642e-14
4.910037550000000195e+00 8.276930433230045819e-14
4.910703220000000258e+00 8.310299976297985904e-14
4.911368880000000381e+00 8.296885769310873774e-14
4.912034550000000444e+00 8.285338759925222686e-14
4.912700209999999679e+00 8.271071172868391950e-14
4.913365869999999802e+00 8.240692780515271652e-14
4.914031539999999865e+00 8.175997759429716773e-14
4.914697199999999988e+00 8.114322614505693766e-14
4.915362870000000051e+00 8.043457448204162346e-14
4.916028530000000174e+00 8.046279820423055353e-14
4.916694200000000237e+00 8.175936414464067406e-14
4.917359860000000360e+00 8.258345573120707814e-14
4.918025530000000423e+00 8.178376904425502369e-14
4.918691189999999658e+00 8.053445904034418681e-14
4.919356859999999720e+00 7.990489514881476142e-14
4.920022519999999844e+00 7.974505310906957663e-14
4.920688189999999906e+00 8.056181004131657281e-14
4.921353850000000030e+00 8.224316588957027392e-14
4.922019520000000092e+00 8.320537595327550892e-14
4.922685180000000216e+00 8.330850545140724870e-14
4.923350850000000278e+00 8.330732991740179664e-14
4.924016510000000402e+00 8.295170408701024574e-14
4.924682169999999637e+00 8.182023588553709716e-14
4.925347839999999700e+00 8.063992543788976401e-14
4.926013499999999823e+00 8.022026397355369781e-14
4.926679169999999885e+00 7.954826828589132868e-14
4.927344830000000009e+00 7.868671880976036872e-14
4.928010500000000071e+00 7.924053300593633339e-14
4.928676160000000195e+00 8.095692223490257181e-14
4.929341830000000257e+00 8.236605117011297390e-14
4.930007490000000381e+00 8.255865861655681365e-14
4.930673160000000443e+00 8.174542434854172808e-14
4.931338819999999679e+00 8.087361459961181681e-14
4.932004489999999741e+00 8.104812449725813332e-14
4.932670149999999865e+00 8.201649757296424728e-14
4.933335819999999927e+00 8.224170855169028444e-14
4.934001480000000051e+00 8.139979128138672782e-14
4.934667150000000113e+00 8.035304196498305868e-14
4.935332810000000237e+00 7.957801994536898743e-14
4.935998470000000360e+00 7.934819166993248905e-14
4.936664140000000423e+00 7.988072292678795120e-14
4.937329799999999658e+00 7.960492026505823031e-14
4.937995469999999720e+00 7.894066680249740336e-14
4.938661129999999844e+00 8.018228685089441259e-14
4.939326799999999906e+00 8.172556420496132246e-14
4.939992460000000030e+00 8.187671419972989917e-14
4.940658130000000092e+00 8.147312189193043426e-14
4.941323790000000216e+00 8.114408454390883273e-14
4.941989460000000278e+00 8.056336807479881816e-14
4.942655120000000402e+00 7.938054118501541876e-14
4.943320789999999576e+00 7.864591474217399806e-14
4.943986449999999699e+00 7.942685014152992120e-14
4.944652119999999762e+00 8.059239273026425297e-14
4.945317779999999885e+00 8.115488097183020470e-14
4.945983449999999948e+00 8.090718187169676747e-14
4.946649110000000071e+00 8.013783417215277307e-14
4.947314770000000195e+00 7.920673803052994381e-14
4.947980440000000257e+00 7.796886542185247300e-14
4.948646100000000381e+00 7.771242099993251505e-14
4.949311770000000443e+00 7.901343575265602907e-14
4.949977429999999679e+00 8.044955891352742571e-14
4.950643099999999741e+00 8.074821709542468780e-14
4.951308759999999864e+00 8.072951597264807107e-14
4.951974429999999927e+00 8.106058175510961139e-14
4.952640090000000050e+00 8.074942876909531869e-14
4.953305760000000113e+00 7.970305717995996291e-14
4.953971420000000236e+00 7.864277440376310528e-14
4.954637090000000299e+00 7.789891829338900206e-14
4.955302750000000422e+00 7.844291444105437617e-14
4.955968419999999597e+00 7.994674420881426666e-14
4.956634079999999720e+00 8.016794806906930758e-14
4.957299749999999783e+00 7.905840201224805970e-14
4.957965409999999906e+00 7.840640674764535331e-14
4.958631070000000030e+00 7.852630137830894825e-14
4.959296740000000092e+00 7.857362140364616355e-14
4.959962400000000216e+00 7.811686199192298204e-14
4.960628070000000278e+00 7.820485692306919928e-14
4.961293730000000402e+00 7.923799178618072248e-14
4.961959399999999576e+00 7.948618852755460753e-14
4.962625059999999699e+00 7.905700810107714094e-14
4.963290729999999762e+00 7.942502315152360950e-14
4.963956389999999885e+00 8.013775610001014466e-14
4.964622059999999948e+00 8.068496577752537691e-14
4.965287720000000071e+00 8.094213065466798025e-14
4.965953390000000134e+00 8.014607172425985995e-14
4.966619050000000257e+00 7.834976332535153173e-14
4.967284720000000320e+00 7.706632258927798505e-14
4.967950380000000443e+00 7.682932725653153371e-14
4.968616049999999618e+00 7.753709079023837970e-14
4.969281709999999741e+00 7.843666769835036742e-14
4.969947369999999864e+00 7.881092651232304344e-14
4.970613039999999927e+00 7.891101457868116843e-14
4.971278700000000050e+00 7.846518230800017797e-14
4.971944370000000113e+00 7.817712367353815780e-14
4.972610030000000236e+00 7.866852156770235143e-14
4.973275700000000299e+00 7.935718893648795990e-14
4.973941360000000422e+00 7.962578819189293802e-14
4.974607029999999597e+00 7.937631315322974292e-14
4.975272689999999720e+00 7.930347156746821573e-14
4.975938359999999783e+00 7.971361803416963055e-14
4.976604019999999906e+00 7.981123778630247244e-14
4.977269689999999969e+00 7.902220701513333168e-14
4.977935350000000092e+00 7.728041283598220648e-14
4.978601020000000155e+00 7.536512131198726800e-14
4.979266680000000278e+00 7.544983263851849544e-14
4.979932340000000401e+00 7.703908420196585394e-14
4.980598009999999576e+00 7.841255163328772003e-14
4.981263669999999699e+00 7.895326585657314672e-14
4.981929339999999762e+00 7.822547936791485419e-14
4.982594999999999885e+00 7.719332310855975461e-14
4.983260669999999948e+00 7.709037717710061539e-14
4.983926330000000071e+00 7.785058118579702045e-14
4.984592000000000134e+00 7.835789222495128007e-14
4.985257660000000257e+00 7.821043371808318753e-14
4.985923330000000320e+00 7.806218468230374072e-14
4.986588990000000443e+00 7.846686381725651109e-14
4.987254659999999618e+00 7.911668972456634758e-14
4.987920319999999741e+00 7.908406220243753903e-14
4.988585989999999804e+00 7.789626982597395604e-14
4.989251649999999927e+00 7.618303887964121867e-14
4.989917319999999989e+00 7.507625386124850453e-14
4.990582980000000113e+00 7.494228727150045811e-14
4.991248640000000236e+00 7.544676618541325954e-14
4.991914310000000299e+00 7.590621987281304239e-14
4.992579970000000422e+00 7.636724669519413393e-14
4.993245639999999597e+00 7.714912556457198951e-14
4.993911299999999720e+00 7.741589066571283413e-14
4.994576969999999783e+00 7.718497727783611575e-14
4.995242629999999906e+00 7.784350100586526946e-14
4.995908299999999969e+00 7.876347271846879240e-14
4.996573960000000092e+00 7.886845672878602615e-14
4.997239630000000155e+00 7.868145031925762800e-14
4.997905290000000278e+00 7.838581920048856633e-14
4.998570960000000341e+00 7.745623425349145420e-14
4.999236619999999576e+00 7.615030992853285309e-14
4.999902289999999638e+00 7.518943731172838298e-14
5.000567949999999762e+00 7.488824752761090169e-14
5.001233619999999824e+00 7.506024906276515333e-14
5.001899279999999948e+00 7.527877979869872751e-14
5.002564940000000071e+00 7.522246581514938395e-14
5.003230610000000134e+00 7.584237141356196176e-14
5.003896270000000257e+00 7.736455989149919765e-14
5.004561940000000320e+00 7.835526889078689654e-14
5.005227600000000443e+00 7.830838179755285636e-14
5.005893269999999617e+00 7.732325856354714696e-14
5.006558929999999741e+00 7.626977076340747195e-14
5.007224599999999803e+00 7.608436106283600845e-14
5.007890259999999927e+00 7.598571452699837783e-14
5.008555929999999989e+00 7.567970545875705665e-14
5.009221590000000113e+00 7.572969937270039555e-14
5.009887260000000175e+00 7.585785893617109814e-14
5.010552920000000299e+00 7.604671601749271883e-14
5.011218590000000361e+00 7.600988909925187627e-14
5.011884249999999597e+00 7.497514976324802626e-14
5.012549919999999659e+00 7.450277426187880195e-14
5.013215579999999783e+00 7.565769433464374624e-14
5.013881239999999906e+00 7.636382349090664121e-14
5.014546909999999968e+00 7.566947792626741812e-14
5.015212570000000092e+00 7.499467087921055467e-14
5.015878240000000154e+00 7.551889175260345125e-14
5.016543900000000278e+00 7.617250324640832985e-14
5.017209570000000340e+00 7.588786523487879542e-14
5.017875229999999576e+00 7.504622194572628584e-14
5.018540899999999638e+00 7.513208531262277566e-14
5.019206559999999762e+00 7.632238718372770166e-14
5.019872229999999824e+00 7.675399181336581104e-14
5.020537889999999948e+00 7.584098631135104980e-14
5.021203560000000010e+00 7.462312040634434275e-14
5.021869220000000134e+00 7.442501113837065849e-14
5.022534890000000196e+00 7.502428311152069566e-14
5.023200550000000320e+00 7.531990528933754387e-14
5.023866220000000382e+00 7.506247044342165049e-14
5.024531879999999617e+00 7.539427713088478580e-14
5.025197539999999741e+00 7.647437432847488678e-14
5.025863209999999803e+00 7.701434334234399803e-14
5.026528869999999927e+00 7.629650986853753962e-14
5.027194539999999989e+00 7.467612081986541847e-14
5.027860200000000113e+00 7.397333794525448365e-14
5.028525870000000175e+00 7.490918301542635328e-14
5.029191530000000299e+00 7.561927792880429470e-14
5.029857200000000361e+00 7.529230842547826468e-14
5.030522859999999596e+00 7.505464738417579950e-14
5.031188529999999659e+00 7.527846531722334917e-14
5.031854189999999782e+00 7.464440091752866370e-14
5.032519859999999845e+00 7.369128143654010257e-14
5.033185519999999968e+00 7.412469609228091477e-14
5.033851190000000031e+00 7.540819469719764173e-14
5.034516850000000154e+00 7.590408974108541820e-14
5.035182520000000217e+00 7.517971590053547124e-14
5.035848180000000340e+00 7.461335966394329603e-14
5.036513839999999576e+00 7.503325247836413417e-14
5.037179509999999638e+00 7.558058782908922039e-14
5.037845169999999762e+00 7.604788531357151304e-14
5.038510839999999824e+00 7.642721240504929596e-14
5.039176499999999947e+00 7.608858414325371674e-14
5.039842170000000010e+00 7.486976722200024978e-14
5.040507830000000133e+00 7.397689054459955018e-14
5.041173500000000196e+00 7.418841923272285082e-14
5.041839160000000319e+00 7.399732742620946359e-14
5.042504830000000382e+00 7.304274119362071133e-14
5.043170489999999617e+00 7.279851710432927655e-14
5.043836159999999680e+00 7.382900143798361093e-14
5.044501819999999803e+00 7.530707301423015443e-14
5.045167489999999866e+00 7.605972392434288023e-14
5.045833149999999989e+00 7.575969051019848149e-14
5.046498810000000113e+00 7.440371441670157754e-14
5.047164480000000175e+00 7.309472010177132703e-14
5.047830140000000299e+00 7.363838818230531563e-14
5.048495810000000361e+00 7.503157093288686762e-14
5.049161469999999596e+00 7.563379110498585740e-14
5.049827139999999659e+00 7.555567550208143900e-14
5.050492799999999782e+00 7.530223058197788648e-14
5.051158469999999845e+00 7.497802093090403551e-14
5.051824129999999968e+00 7.477515031373600280e-14
5.052489800000000031e+00 7.418780251591633391e-14
5.053155460000000154e+00 7.275304244641812867e-14
5.053821130000000217e+00 7.124359118198709157e-14
5.054486790000000340e+00 7.056489026016556402e-14
5.055152460000000403e+00 7.171800705629549513e-14
5.055818119999999638e+00 7.375410349568644317e-14
5.056483789999999701e+00 7.468692416342069652e-14
5.057149449999999824e+00 7.452101832245752307e-14
5.057815109999999947e+00 7.397544536049842471e-14
5.058480780000000010e+00 7.300273520930891638e-14
5.059146440000000133e+00 7.240478791670043669e-14
5.059812110000000196e+00 7.323327875041810781e-14
5.060477770000000319e+00 7.427569107578508422e-14
5.061143440000000382e+00 7.471883931488672669e-14
5.061809099999999617e+00 7.494074314360583511e-14
5.062474769999999680e+00 7.506175536107789678e-14
5.063140429999999803e+00 7.490503287359658661e-14
5.063806099999999866e+00 7.423915097676855358e-14
5.064471759999999989e+00 7.310216807521719308e-14
5.065137430000000052e+00 7.203457076251753995e-14
5.065803090000000175e+00 7.129998618136563405e-14
5.066468760000000238e+00 7.089040065426863071e-14
5.067134420000000361e+00 7.069945095142823947e-14
5.067800090000000424e+00 7.164192899343008667e-14
5.068465749999999659e+00 7.361418011145778476e-14
5.069131409999999782e+00 7.472177747591363539e-14
5.069797079999999845e+00 7.446784240195033623e-14
5.070462739999999968e+00 7.332153595936425836e-14
5.071128410000000031e+00 7.265313618951804086e-14
5.071794070000000154e+00 7.324487271427696444e-14
5.072459740000000217e+00 7.394060259258187747e-14
5.073125400000000340e+00 7.421703938910504323e-14
5.073791070000000403e+00 7.402964385853529252e-14
5.074456729999999638e+00 7.329073394034651793e-14
5.075122399999999701e+00 7.237360784553908372e-14
5.075788059999999824e+00 7.194560602043722253e-14
5.076453729999999887e+00 7.205560255108070391e-14
5.077119390000000010e+00 7.168456754089353175e-14
5.077785060000000072e+00 7.140124355346149240e-14
5.078450720000000196e+00 7.160509601165763168e-14
5.079116390000000258e+00 7.129088234654661828e-14
5.079782050000000382e+00 7.144002181876829986e-14
5.080447709999999617e+00 7.264491745877420006e-14
5.081113379999999680e+00 7.328487396427472134e-14
5.081779039999999803e+00 7.279662160147319350e-14
5.082444709999999866e+00 7.183237528205591981e-14
5.083110369999999989e+00 7.108953565471438094e-14
5.083776040000000052e+00 7.152011432956485574e-14
5.084441700000000175e+00 7.269029590501266616e-14
5.085107370000000238e+00 7.340145931991791182e-14
5.085773030000000361e+00 7.324210594847672852e-14
5.086438700000000424e+00 7.248051777044781804e-14
5.087104359999999659e+00 7.216947539505430583e-14
5.087770029999999721e+00 7.223572335387441626e-14
5.088435689999999845e+00 7.160374126954196447e-14
5.089101359999999907e+00 7.104605853223770066e-14
5.089767020000000031e+00 7.164260076592124368e-14
5.090432690000000093e+00 7.249658672973409187e-14
5.091098350000000217e+00 7.222850305582233147e-14
5.091764010000000340e+00 7.069912919506758413e-14
5.092429680000000403e+00 6.973564307455217385e-14
5.093095339999999638e+00 7.065103602944575132e-14
5.093761009999999700e+00 7.152414588479753569e-14
5.094426669999999824e+00 7.152777583212014614e-14
5.095092339999999886e+00 7.129713629149557240e-14
5.095758000000000010e+00 7.126229157571442623e-14
5.096423670000000072e+00 7.136422304196543281e-14
5.097089330000000196e+00 7.104007752726108411e-14
5.097755000000000258e+00 7.044518459317771134e-14
5.098420660000000382e+00 7.042508878550051894e-14
5.099086329999999556e+00 7.123671564683356678e-14
5.099751989999999680e+00 7.183445235357687515e-14
5.100417659999999742e+00 7.145787314321082196e-14
5.101083319999999866e+00 7.097936889443225848e-14
5.101748989999999928e+00 7.095973456579457324e-14
5.102414650000000051e+00 7.116322795337151347e-14
5.103080310000000175e+00 7.146525468022051478e-14
5.103745980000000237e+00 7.119622515572044232e-14
5.104411640000000361e+00 7.030546371827790567e-14
5.105077310000000423e+00 6.927653059505901302e-14
5.105742969999999659e+00 6.927231352627052702e-14
5.106408639999999721e+00 7.040406663202960974e-14
5.107074299999999845e+00 7.088275444310614248e-14
5.107739969999999907e+00 7.072191327501365129e-14
5.108405630000000031e+00 7.050942455202940955e-14
5.109071300000000093e+00 6.988330098523896730e-14
5.109736960000000217e+00 6.994556135697698277e-14
5.110402630000000279e+00 7.114681657574477749e-14
5.111068290000000403e+00 7.199070464902454711e-14
5.111733959999999577e+00 7.163659181094830352e-14
5.112399619999999700e+00 7.068309777621418938e-14
5.113065279999999824e+00 7.041057462659013193e-14
5.113730949999999886e+00 7.087589781750348263e-14
5.114396610000000010e+00 7.134438689635142781e-14
5.115062280000000072e+00 7.166465736357360470e-14
5.115727940000000196e+00 7.157149652310746209e-14
5.116393610000000258e+00 7.117646480814090415e-14
5.117059270000000382e+00 7.063623505240106884e-14
5.117724939999999556e+00 6.965149246930278861e-14
5.118390599999999679e+00 6.865021035562395157e-14
5.119056269999999742e+00 6.838700079373801877e-14
5.119721929999999865e+00 6.816648081687149194e-14
5.120387599999999928e+00 6.788811539725673940e-14
5.121053260000000051e+00 6.895153367744423009e-14
5.121718930000000114e+00 7.038742897046170862e-14
5.122384590000000237e+00 7.084680914348636064e-14
5.123050260000000300e+00 7.087962145637849611e-14
5.123715920000000423e+00 7.057965955407726273e-14
5.124381579999999659e+00 6.985550738976637834e-14
5.125047249999999721e+00 6.965738873846546032e-14
5.125712909999999845e+00 7.028394061508801424e-14
5.126378579999999907e+00 7.080546073585085360e-14
5.127044240000000030e+00 7.087997844932236134e-14
5.127709910000000093e+00 7.074293877308432893e-14
5.128375570000000216e+00 7.068924274565280720e-14
5.129041240000000279e+00 7.061895955114574720e-14
5.129706900000000402e+00 7.046920043451359275e-14
5.130372569999999577e+00 7.008585073260565351e-14
5.131038229999999700e+00 6.895230719104368996e-14
5.131703899999999763e+00 6.744803131956993842e-14
5.132369559999999886e+00 6.646222306010853670e-14
5.133035229999999949e+00 6.710095162550848473e-14
5.133700890000000072e+00 6.883656341948821570e-14
5.134366560000000135e+00 6.960707777871290583e-14
5.135032220000000258e+00 6.964715619027368521e-14
5.135697880000000382e+00 6.971707507757730851e-14
5.136363549999999556e+00 6.947639376977181901e-14
5.137029209999999679e+00 6.932718113496630297e-14
5.137694879999999742e+00 7.001640057365509929e-14
5.138360539999999865e+00 7.069432360607008022e-14
5.139026209999999928e+00 7.076938666106683438e-14
5.139691870000000051e+00 7.073977610077896168e-14
5.140357540000000114e+00 7.070762294375708380e-14
5.141023200000000237e+00 7.039504671573730223e-14
5.141688870000000300e+00 6.981415049139097967e-14
5.142354530000000423e+00 6.924726142154470244e-14
5.143020199999999598e+00 6.880081336595332463e-14
5.143685859999999721e+00 6.795812314296204193e-14
5.144351529999999784e+00 6.690073300340804142e-14
5.145017189999999907e+00 6.642299361404601546e-14
5.145682859999999970e+00 6.656024023260346677e-14
5.146348520000000093e+00 6.728513481939638726e-14
5.147014180000000216e+00 6.849145819452023412e-14
5.147679850000000279e+00 6.950223735107243744e-14
5.148345510000000402e+00 6.980329926283127132e-14
5.149011179999999577e+00 6.944594759595178746e-14
5.149676839999999700e+00 6.928780640226732935e-14
5.150342509999999763e+00 6.959131406820461099e-14
5.151008169999999886e+00 6.958980591868495644e-14
5.151673839999999949e+00 6.935443338581316901e-14
5.152339500000000072e+00 6.923319764709144045e-14
5.153005170000000135e+00 6.907833749980858478e-14
5.153670830000000258e+00 6.890925629823794165e-14
5.154336500000000321e+00 6.917593676298594057e-14
5.155002160000000444e+00 6.924921360546403987e-14
5.155667829999999618e+00 6.868930020316133967e-14
5.156333489999999742e+00 6.865638751991857833e-14
5.156999159999999804e+00 6.891504484188224781e-14
5.157664819999999928e+00 6.794946014268907172e-14
5.158330480000000051e+00 6.667394866304038400e-14
5.158996150000000114e+00 6.701931478968910668e-14
5.159661810000000237e+00 6.783163387852642266e-14
5.160327480000000300e+00 6.778161527293960853e-14
5.160993140000000423e+00 6.770171739202992178e-14
5.161658809999999598e+00 6.766645983211082010e-14
5.162324469999999721e+00 6.795098110825936757e-14
5.162990139999999784e+00 6.877859556242978491e-14
5.163655799999999907e+00 6.933235343582292350e-14
5.164321469999999970e+00 6.920760230124181407e-14
5.164987130000000093e+00 6.865851376405726664e-14
5.165652800000000155e+00 6.819733717393163270e-14
5.166318460000000279e+00 6.790826086452220373e-14
5.166984130000000341e+00 6.781805293663853933e-14
5.167649789999999577e+00 6.786025782069443266e-14
5.168315459999999639e+00 6.811914731559902688e-14
5.168981119999999763e+00 6.848178909468447714e-14
5.169646779999999886e+00 6.867767139590139441e-14
5.170312449999999949e+00 6.868587412278957629e-14
5.170978110000000072e+00 6.809586687223647988e-14
5.171643780000000135e+00 6.716494765641290131e-14
5.172309440000000258e+00 6.723307305973050616e-14
5.172975110000000321e+00 6.799811111974867507e-14
5.173640770000000444e+00 6.800946756006782304e-14
5.174306439999999618e+00 6.750058091862559511e-14
5.174972099999999742e+00 6.784711673680615554e-14
5.175637769999999804e+00 6.848517675318720561e-14
5.176303429999999928e+00 6.818556674107581451e-14
5.176969099999999990e+00 6.750548077386199677e-14
5.177634760000000114e+00 6.739155884139281980e-14
5.178300430000000176e+00 6.779366504753168136e-14
5.178966090000000300e+00 6.790046259622979239e-14
5.179631750000000423e+00 6.747481137811755399e-14
5.180297419999999597e+00 6.751628963260066585e-14
5.180963079999999721e+00 6.798078382038009716e-14
5.181628749999999783e+00 6.792048110934949839e-14
5.182294409999999907e+00 6.766226363850637870e-14
5.182960079999999969e+00 6.782197040690953192e-14
5.183625740000000093e+00 6.804959541555088568e-14
5.184291410000000155e+00 6.749304490499092948e-14
5.184957070000000279e+00 6.627844714329025181e-14
5.185622740000000341e+00 6.591209641790061211e-14
5.186288399999999577e+00 6.631454863451104133e-14
5.186954069999999639e+00 6.627356953371578485e-14
5.187619729999999763e+00 6.582055301712635846e-14
5.188285399999999825e+00 6.509758858689469190e-14
5.188951059999999949e+00 6.533235431664359554e-14
5.189616730000000011e+00 6.676182079227144577e-14
5.190282390000000134e+00 6.773499204626121686e-14
5.190948050000000258e+00 6.785017660523678276e-14
5.191613720000000320e+00 6.730014597932391778e-14
5.192279380000000444e+00 6.658651916723809430e-14
5.192945049999999618e+00 6.670872998518193774e-14
5.193610709999999742e+00 6.746315919228597182e-14
5.194276379999999804e+00 6.778267854449052747e-14
5.194942039999999928e+00 6.757242086754540315e-14
5.195607709999999990e+00 6.753265618817160367e-14
5.196273370000000114e+00 6.781948975650890430e-14
5.196939040000000176e+00 6.783167992034552130e-14
5.197604700000000300e+00 6.702030180163875174e-14
5.198270370000000362e+00 6.570406533738984582e-14
5.198936029999999597e+00 6.457142922823285640e-14
5.199601699999999660e+00 6.380319016625272303e-14
5.200267359999999783e+00 6.421758142029302698e-14
5.200933029999999846e+00 6.579274132885141854e-14
5.201598689999999969e+00 6.689312721110304497e-14
5.202264350000000093e+00 6.669247954094362540e-14
5.202930020000000155e+00 6.578168407697744916e-14
5.203595680000000279e+00 6.549266502378387882e-14
5.204261350000000341e+00 6.570592952157965849e-14
5.204927009999999576e+00 6.603657746838566356e-14
5.205592679999999639e+00 6.669122620117838572e-14
5.206258339999999762e+00 6.706521117024723610e-14
5.206924009999999825e+00 6.696957997018643848e-14
5.207589669999999948e+00 6.665922442898286729e-14
5.208255340000000011e+00 6.661096092511774164e-14
5.208921000000000134e+00 6.704925573369188994e-14
5.209586670000000197e+00 6.731912410296732917e-14
5.210252330000000320e+00 6.677827908168313361e-14
5.210918000000000383e+00 6.546112078112010327e-14
5.211583659999999618e+00 6.415268141385590629e-14
5.212249329999999681e+00 6.352697219465262522e-14
5.212914989999999804e+00 6.329191506641280184e-14
5.213580649999999928e+00 6.360914297045717437e-14
5.214246319999999990e+00 6.487751639598145677e-14
5.214911980000000113e+00 6.611883070474394351e-14
5.215577650000000176e+00 6.662540069072545753e-14
5.216243310000000299e+00 6.620881289430670743e-14
5.216908980000000362e+00 6.504992340525658325e-14
5.217574639999999597e+00 6.450741632052489462e-14
5.218240309999999660e+00 6.545098444476014526e-14
5.218905969999999783e+00 6.650922130003632249e-14
5.219571639999999846e+00 6.685893044494742188e-14
5.220237299999999969e+00 6.668902123351837533e-14
5.220902970000000032e+00 6.618816477783886093e-14
5.221568630000000155e+00 6.569863523416860119e-14
5.222234300000000218e+00 6.534000646702292369e-14
5.222899960000000341e+00 6.523819165262742791e-14
5.223565630000000404e+00 6.515850032254741683e-14
5.224231289999999639e+00 6.462611184173211544e-14
5.224896949999999762e+00 6.402759835730293154e-14
5.225562619999999825e+00 6.376890265930740025e-14
5.226228279999999948e+00 6.401151697436637019e-14
5.226893950000000011e+00 6.445357411800736209e-14
5.227559610000000134e+00 6.478198716609333032e-14
5.228225280000000197e+00 6.539719598919205426e-14
5.228890940000000320e+00 6.581848180011261722e-14
5.229556610000000383e+00 6.541143217608153223e-14
5.230222269999999618e+00 6.508839944914456519e-14
5.230887939999999681e+00 6.518969244295939868e-14
5.231553599999999804e+00 6.484305288053792492e-14
5.232219269999999867e+00 6.452870262513614147e-14
5.232884929999999990e+00 6.498759477202963036e-14
5.233550600000000053e+00 6.536620857208877378e-14
5.234216260000000176e+00 6.525643452733511506e-14
5.234881930000000239e+00 6.510693819077768785e-14
5.235547590000000362e+00 6.472737985271769748e-14
5.236213249999999597e+00 6.431261180269191771e-14
5.236878919999999660e+00 6.446381574397018699e-14
5.237544579999999783e+00 6.492672645638003096e-14
5.238210249999999846e+00 6.493682879680839691e-14
5.238875909999999969e+00 6.400324107484999620e-14
5.239541580000000032e+00 6.305249258925190849e-14
5.240207240000000155e+00 6.353721661184745629e-14
5.240872910000000218e+00 6.444565483005017847e-14
5.241538570000000341e+00 6.428898797521731205e-14
5.242204240000000404e+00 6.379454217374053215e-14
5.242869899999999639e+00 6.406124182887767743e-14
5.243535569999999701e+00 6.483806192732781094e-14
5.244201229999999825e+00 6.523095350055435979e-14
5.244866899999999887e+00 6.491336375574537482e-14
5.245532560000000011e+00 6.429401458762968876e-14
5.246198220000000134e+00 6.371190101335149525e-14
5.246863890000000197e+00 6.316471614617828812e-14
5.247529550000000320e+00 6.324471947027405779e-14
5.248195220000000383e+00 6.368278933826505435e-14
5.248860879999999618e+00 6.394636382289379081e-14
5.249526549999999681e+00 6.462498708658309938e-14
5.250192209999999804e+00 6.524727383603539788e-14
5.250857879999999867e+00 6.531977406695534168e-14
5.251523539999999990e+00 6.495844042431307019e-14
5.252189210000000053e+00 6.410390739158813918e-14
5.252854870000000176e+00 6.290860838905455333e-14
5.253520540000000238e+00 6.264275252947911836e-14
5.254186200000000362e+00 6.376053607565241953e-14
5.254851870000000424e+00 6.436804081870531246e-14
5.255517529999999660e+00 6.359205377589700476e-14
5.256183199999999722e+00 6.273627368643077659e-14
5.256848859999999846e+00 6.279363941046916655e-14
5.257514519999999969e+00 6.304768285504548420e-14
5.258180190000000032e+00 6.336204233975858569e-14
5.258845850000000155e+00 6.409131339100476890e-14
5.259511520000000218e+00 6.463279835776906911e-14
5.260177180000000341e+00 6.445929170862147538e-14
5.260842850000000404e+00 6.356838880703186877e-14
5.261508509999999639e+00 6.256469200971230542e-14
5.262174179999999701e+00 6.236090556622775380e-14
5.262839839999999825e+00 6.318387674725280738e-14
5.263505509999999887e+00 6.421244307146031608e-14
5.264171170000000011e+00 6.468137408346572526e-14
5.264836840000000073e+00 6.464940806774659223e-14
5.265502500000000197e+00 6.438777330278857679e-14
5.266168170000000259e+00 6.371556267565245760e-14
5.266833830000000383e+00 6.271433027675055093e-14
5.267499499999999557e+00 6.244794682971687504e-14
5.268165159999999680e+00 6.321879476989214245e-14
5.268830819999999804e+00 6.375904397476543107e-14
