# wavelength [um] flux [erg s^-1 cm^-2 nm^-1] (NRS1)
2.871007689999999890e+00 6.521584411608066744e-13
2.871684080000000083e+00 6.492819481361302946e-13
2.872360480000000216e+00 6.453670047307196248e-13
2.873036869999999965e+00 6.465458867059106060e-13
2.873713260000000158e+00 6.488176244618807406e-13
2.874389659999999846e+00 6.476841491046027307e-13
2.875066050000000040e+00 6.464124716023287588e-13
2.875742439999999789e+00 6.507079727408554477e-13
2.876418839999999921e+00 6.533346767955152514e-13
2.877095230000000115e+00 6.540447007097472138e-13
2.877771619999999864e+00 6.542663823920888667e-13
2.878448019999999996e+00 6.539642487987208990e-13
2.879124410000000189e+00 6.535390549675465500e-13
2.879800809999999878e+00 6.533976467287693487e-13
2.880477200000000071e+00 6.522664886431346253e-13
2.881153589999999820e+00 6.513135887579952279e-13
2.881829989999999952e+00 6.502981161605821684e-13
2.882506380000000146e+00 6.494505414619076926e-13
2.883182769999999895e+00 6.497861151367134066e-13
2.883859170000000027e+00 6.500326301623516148e-13
2.884535560000000221e+00 6.475095703557587984e-13
2.885211949999999970e+00 6.427518265236157024e-13
2.885888350000000102e+00 6.444834965847439139e-13
2.886564739999999851e+00 6.447107749900339776e-13
2.887241130000000044e+00 6.380692783364948090e-13
2.887917530000000177e+00 6.385318305267236054e-13
2.888593919999999926e+00 6.434148111025102964e-13
2.889270310000000119e+00 6.453358831977383181e-13
2.889946709999999808e+00 6.446754322721157643e-13
2.890623100000000001e+00 6.419801447425969836e-13
2.891299490000000194e+00 6.402164959036179057e-13
2.891975889999999882e+00 6.408318190767476980e-13
2.892652280000000076e+00 6.394339081162668498e-13
2.893328680000000208e+00 6.374443928812495933e-13
2.894005069999999957e+00 6.378895790418009467e-13
2.894681460000000151e+00 6.395092481852484739e-13
2.895357859999999839e+00 6.397515594289268514e-13
2.896034250000000032e+00 6.390448877987938188e-13
2.896710639999999781e+00 6.386989383191681963e-13
2.897387039999999914e+00 6.371912576837962737e-13
2.898063430000000107e+00 6.358088580892632945e-13
2.898739819999999856e+00 6.367065913637425358e-13
2.899416219999999988e+00 6.368735158516129560e-13
2.900092610000000182e+00 6.352888553033570771e-13
2.900768999999999931e+00 6.324897308143530018e-13
2.901445400000000063e+00 6.328634718629735454e-13
2.902121789999999812e+00 6.334301889485901171e-13
2.902798180000000006e+00 6.318201148063843155e-13
2.903474580000000138e+00 6.315524443347920220e-13
2.904150969999999887e+00 6.322796330971918459e-13
2.904827360000000080e+00 6.314858371989201798e-13
2.905503760000000213e+00 6.302252958927622437e-13
2.906180149999999962e+00 6.275662432348669861e-13
2.906856550000000095e+00 6.275933282731047674e-13
2.907532939999999844e+00 6.295922503433136114e-13
2.908209330000000037e+00 6.291048183734897107e-13
2.908885730000000169e+00 6.283831623804705862e-13
2.909562119999999918e+00 6.284474750841163211e-13
2.910238510000000112e+00 6.281611654273394650e-13
2.910914909999999800e+00 6.276674727566431100e-13
2.911591299999999993e+00 6.267713975117261768e-13
2.912267690000000187e+00 6.247977488734474939e-13
2.912944089999999875e+00 6.234298277990688282e-13
2.913620480000000068e+00 6.238241499812320616e-13
2.914296869999999817e+00 6.240855405870283204e-13
2.914973269999999950e+00 6.220994511952190663e-13
2.915649660000000143e+00 6.200768524024099946e-13
2.916326049999999892e+00 6.210971122239257425e-13
2.917002450000000024e+00 6.222748643054972941e-13
2.917678840000000218e+00 6.221887817057831825e-13
2.918355229999999967e+00 6.213702909764560096e-13
2.919031630000000099e+00 6.203210875563854531e-13
2.919708019999999848e+00 6.201402983179987978e-13
2.920384419999999981e+00 6.198021805781644432e-13
2.921060810000000174e+00 6.188953031968655901e-13
2.921737199999999923e+00 6.176510191953168843e-13
2.922413600000000056e+00 6.165693745884386791e-13
2.923089989999999805e+00 6.163809362268386603e-13
2.923766379999999998e+00 6.151483392685125623e-13
2.924442780000000131e+00 6.143900878609717646e-13
2.925119169999999880e+00 6.141104781477378428e-13
2.925795560000000073e+00 6.137435385964614157e-13
2.926471960000000205e+00 6.141070587067739908e-13
2.927148349999999954e+00 6.146656198629746852e-13
2.927824740000000148e+00 6.124886190513817806e-13
2.928501139999999836e+00 6.047661180896521225e-13
2.929177530000000029e+00 6.043657306967324301e-13
2.929853919999999778e+00 6.101542338748284617e-13
2.930530319999999911e+00 6.118141183304639795e-13
2.931206710000000104e+00 6.113797508923320143e-13
2.931883099999999853e+00 6.109630965515145468e-13
2.932559499999999986e+00 6.098430933631229455e-13
2.933235890000000179e+00 6.085906831065021991e-13
2.933912289999999867e+00 6.077870410158925049e-13
2.934588680000000060e+00 6.063062936884023575e-13
2.935265069999999810e+00 6.066436691933903415e-13
2.935941469999999942e+00 6.061984867828244298e-13
2.936617860000000135e+00 6.046346780985256705e-13
2.937294249999999884e+00 6.033923846690372419e-13
2.937970650000000017e+00 5.995488547505789842e-13
2.938647040000000210e+00 5.990603317223700750e-13
2.939323429999999959e+00 6.027647219660843266e-13
2.939999830000000092e+00 6.031874414728880113e-13
2.940676219999999841e+00 6.034440445999876676e-13
2.941352610000000034e+00 6.037240960289955946e-13
2.942029010000000167e+00 6.032300473088188428e-13
2.942705399999999916e+00 6.003948750506863366e-13
2.943381790000000109e+00 5.968242547768668666e-13
2.944058189999999797e+00 5.986920932388048488e-13
2.944734579999999990e+00 6.002854037955954153e-13
2.945410970000000184e+00 5.994007110545205173e-13
2.946087369999999872e+00 5.973257380948987681e-13
2.946763760000000065e+00 5.958056899920636491e-13
2.947440160000000198e+00 5.971281462455957695e-13
2.948116549999999947e+00 5.982502889909104217e-13
2.948792940000000140e+00 5.976693325649171135e-13
2.949469339999999828e+00 5.967611446560921764e-13
2.950145730000000022e+00 5.946103758985951600e-13
2.950822120000000215e+00 5.939228054089077302e-13
2.951498519999999903e+00 5.951730630277896260e-13
2.952174910000000096e+00 5.953933222606724048e-13
2.952851299999999846e+00 5.946132252620720343e-13
2.953527699999999978e+00 5.941614203657589675e-13
2.954204090000000171e+00 5.936965282860431389e-13
2.954880479999999920e+00 5.918791857293874193e-13
2.955556880000000053e+00 5.905614983694357851e-13
2.956233269999999802e+00 5.907164282769554506e-13
2.956909659999999995e+00 5.911148273363502851e-13
2.957586060000000128e+00 5.906839568168885480e-13
2.958262449999999877e+00 5.905753623446904206e-13
2.958938840000000070e+00 5.900891769860395383e-13
2.959615240000000203e+00 5.891970115880413977e-13
2.960291629999999952e+00 5.881191266018409329e-13
2.960968030000000084e+00 5.883221076964812713e-13
2.961644419999999833e+00 5.879550364522400588e-13
2.962320810000000026e+00 5.868179299285194320e-13
2.962997210000000159e+00 5.856839122534348686e-13
2.963673599999999908e+00 5.841866295472532851e-13
2.964349990000000101e+00 5.808638021980902893e-13
2.965026389999999790e+00 5.818110653670348918e-13
2.965702779999999983e+00 5.836043481184992844e-13
2.966379170000000176e+00 5.829575291682502040e-13
2.967055569999999864e+00 5.830596381171784526e-13
2.967731960000000058e+00 5.830637460510646815e-13
2.968408349999999807e+00 5.823552977617896847e-13
2.969084749999999939e+00 5.799855721416163097e-13
2.969761140000000132e+00 5.750508320887185639e-13
2.970437529999999882e+00 5.705437673247747364e-13
2.971113930000000014e+00 5.747378269924771461e-13
2.971790320000000207e+00 5.783282102862598027e-13
2.972466709999999956e+00 5.779694494628730113e-13
2.973143110000000089e+00 5.783462472569937727e-13
2.973819499999999838e+00 5.788196127906823238e-13
2.974495899999999970e+00 5.783482165924472348e-13
2.975172290000000164e+00 5.773909334998534745e-13
2.975848679999999913e+00 5.761430485062617103e-13
2.976525080000000045e+00 5.756598508774639516e-13
2.977201469999999794e+00 5.765385077209412258e-13
2.977877859999999988e+00 5.764659503489665695e-13
2.978554260000000120e+00 5.747694425498587404e-13
2.979230649999999869e+00 5.733077858266730369e-13
2.979907040000000062e+00 5.736437835213706416e-13
2.980583440000000195e+00 5.733859126612332802e-13
2.981259829999999944e+00 5.732410760224498677e-13
2.981936220000000137e+00 5.729262459510620938e-13
2.982612619999999826e+00 5.712353548367575236e-13
2.983289010000000019e+00 5.694482555742953882e-13
2.983965400000000212e+00 5.699511460595889049e-13
2.984641799999999900e+00 5.706338470796181113e-13
2.985318190000000094e+00 5.703915644901970075e-13
2.985994579999999843e+00 5.703117330141982393e-13
2.986670979999999975e+00 5.696881407199394791e-13
2.987347370000000168e+00 5.673704380069178120e-13
2.988023769999999857e+00 5.654977955398977799e-13
2.988700160000000050e+00 5.667203121657463424e-13
2.989376549999999799e+00 5.655073027810913187e-13
2.990052949999999932e+00 5.640283113030524942e-13
2.990729340000000125e+00 5.650598213793111250e-13
2.991405729999999874e+00 5.655513806245003370e-13
2.992082130000000006e+00 5.651970577509195971e-13
2.992758520000000200e+00 5.651764885451461501e-13
2.993434909999999949e+00 5.645777041670740885e-13
2.994111310000000081e+00 5.638312331929089602e-13
2.994787699999999830e+00 5.628413089423274907e-13
2.995464090000000024e+00 5.621913366816659541e-13
2.996140490000000156e+00 5.608089297400964979e-13
2.996816879999999905e+00 5.586459435211265649e-13
2.997493270000000098e+00 5.600458866145633051e-13
2.998169669999999787e+00 5.612199604637924175e-13
2.998846059999999980e+00 5.608416685545005427e-13
2.999522450000000173e+00 5.585316527333126014e-13
3.000198849999999862e+00 5.558548563351608044e-13
3.000875240000000055e+00 5.576159394963843317e-13
3.001551640000000187e+00 5.590656857898617341e-13
3.002228029999999936e+00 5.590233711048571890e-13
3.002904420000000130e+00 5.587988949220724880e-13
3.003580819999999818e+00 5.583485008009470937e-13
3.004257210000000011e+00 5.578938084585712609e-13
3.004933600000000204e+00 5.573275405654617802e-13
3.005609999999999893e+00 5.567054835572887235e-13
3.006286390000000086e+00 5.559043774773155479e-13
3.006962779999999835e+00 5.543487467461008241e-13
3.007639179999999968e+00 5.527036276685637492e-13
3.008315570000000161e+00 5.520178769086535188e-13
3.008991959999999910e+00 5.526369454300160507e-13
3.009668360000000042e+00 5.528100469165656955e-13
3.010344749999999792e+00 5.529526967083602887e-13
3.011021139999999985e+00 5.527620087755754792e-13
3.011697540000000117e+00 5.520809301735491749e-13
3.012373929999999866e+00 5.514970825119536432e-13
3.013050320000000060e+00 5.509286322144218857e-13
3.013726720000000192e+00 5.501617825606805737e-13
3.014403109999999941e+00 5.488401360383200483e-13
3.015079510000000074e+00 5.466690459489671514e-13
3.015755899999999823e+00 5.468402247908289735e-13
3.016432290000000016e+00 5.467717355187864085e-13
3.017108690000000149e+00 5.468691558547317533e-13
3.017785079999999898e+00 5.474458174641831438e-13
3.018461470000000091e+00 5.475800651212314698e-13
3.019137869999999779e+00 5.470930342847248068e-13
3.019814259999999972e+00 5.454757689178664655e-13
3.020490650000000166e+00 5.438077737576211783e-13
3.021167049999999854e+00 5.437356193448819612e-13
3.021843440000000047e+00 5.447682095373896163e-13
3.022519829999999796e+00 5.445379948456147296e-13
3.023196229999999929e+00 5.425434073792758942e-13
3.023872620000000122e+00 5.397180195858548147e-13
3.024549009999999871e+00 5.388257097463748976e-13
3.025225410000000004e+00 5.407447295901059756e-13
3.025901800000000197e+00 5.411980402326757035e-13
3.026578189999999946e+00 5.396821463432064788e-13
3.027254590000000078e+00 5.379537902083611939e-13
3.027930979999999828e+00 5.379768282311105335e-13
3.028607379999999960e+00 5.394532374572293899e-13
3.029283770000000153e+00 5.393300623019037948e-13
3.029960159999999902e+00 5.388118498334872511e-13
3.030636560000000035e+00 5.383065854702000584e-13
3.031312949999999784e+00 5.376683085712191512e-13
3.031989339999999977e+00 5.368154664045914098e-13
3.032665740000000110e+00 5.363608366319565717e-13
3.033342129999999859e+00 5.357770315466878024e-13
3.034018520000000052e+00 5.346805969879891568e-13
3.034694920000000185e+00 5.338004431934194898e-13
3.035371309999999934e+00 5.328554319236596486e-13
3.036047700000000127e+00 5.317530131497076119e-13
3.036724099999999815e+00 5.301556212615819942e-13
3.037400490000000008e+00 5.276640335698556948e-13
3.038076880000000202e+00 5.241941839295325472e-13
3.038753279999999890e+00 5.207604093925013812e-13
3.039429670000000083e+00 5.171162938854803127e-13
3.040106059999999832e+00 5.173972486572187128e-13
3.040782459999999965e+00 5.230086257453883068e-13
3.041458850000000158e+00 5.250820051555538855e-13
3.042135249999999846e+00 5.262082048817910742e-13
3.042811640000000040e+00 5.270120835671624938e-13
3.043488029999999789e+00 5.274996422644569476e-13
3.044164429999999921e+00 5.276347605086426137e-13
3.044840820000000114e+00 5.255543485650146102e-13
3.045517209999999864e+00 5.248520448345767611e-13
3.046193609999999996e+00 5.264186746219345717e-13
3.046870000000000189e+00 5.270549034252243188e-13
3.047546389999999938e+00 5.264547406683034439e-13
3.048222790000000071e+00 5.249949001395066244e-13
3.048899179999999820e+00 5.246523547081436565e-13
3.049575570000000013e+00 5.258578483133265412e-13
3.050251970000000146e+00 5.257101242873789142e-13
3.050928359999999895e+00 5.245302318194951914e-13
3.051604750000000088e+00 5.238240598028023277e-13
3.052281150000000221e+00 5.237436247554440522e-13
3.052957539999999970e+00 5.238210049712280068e-13
3.053633930000000163e+00 5.233989926288322044e-13
3.054310329999999851e+00 5.211034650877770421e-13
3.054986720000000044e+00 5.194787924009744784e-13
3.055663120000000177e+00 5.217491368130685875e-13
3.056339509999999926e+00 5.225813408447935080e-13
3.057015900000000119e+00 5.219096899489470299e-13
3.057692299999999808e+00 5.209432943795826766e-13
3.058368690000000001e+00 5.203523557992187226e-13
3.059045080000000194e+00 5.200110304808312967e-13
3.059721479999999882e+00 5.196418771067991996e-13
3.060397870000000076e+00 5.193111301003418163e-13
3.061074259999999825e+00 5.189281058419772175e-13
3.061750659999999957e+00 5.188758326322952644e-13
3.062427050000000150e+00 5.185239525883629990e-13
3.063103439999999900e+00 5.171609102609850656e-13
3.063779840000000032e+00 5.144421740336326386e-13
3.064456229999999781e+00 5.117492744776357471e-13
3.065132619999999974e+00 5.138106114892673420e-13
3.065809020000000107e+00 5.155540833921743232e-13
3.066485409999999856e+00 5.155047525434413322e-13
3.067161800000000049e+00 5.151477934114858459e-13
3.067838200000000182e+00 5.133974322916580289e-13
3.068514589999999931e+00 5.116319041028211881e-13
3.069190990000000063e+00 5.129527078183009155e-13
3.069867379999999812e+00 5.120806610777037846e-13
3.070543770000000006e+00 5.116775626743470986e-13
3.071220170000000138e+00 5.126618202916324195e-13
3.071896559999999887e+00 5.127227100288205494e-13
3.072572950000000080e+00 5.122264289762234646e-13
3.073249350000000213e+00 5.111293439930901147e-13
3.073925739999999962e+00 5.093276700059989170e-13
3.074602130000000155e+00 5.086294092007962749e-13
3.075278529999999844e+00 5.092910244707650880e-13
3.075954920000000037e+00 5.095854538768546229e-13
3.076631309999999786e+00 5.091776654251689591e-13
3.077307709999999918e+00 5.087071710714153843e-13
3.077984100000000112e+00 5.080922114700865007e-13
3.078660489999999861e+00 5.074842766698216048e-13
3.079336889999999993e+00 5.069862063581064826e-13
3.080013280000000186e+00 5.057859984329479529e-13
3.080689669999999936e+00 5.034735995856978585e-13
3.081366070000000068e+00 5.038724641585568650e-13
3.082042459999999817e+00 5.052747701777406500e-13
3.082718859999999950e+00 5.037673675927868225e-13
3.083395250000000143e+00 5.015315019289437306e-13
3.084071639999999892e+00 5.028315175860920096e-13
3.084748040000000024e+00 5.027345610585072511e-13
3.085424430000000218e+00 5.015991883657496643e-13
3.086100819999999967e+00 4.992604544543263935e-13
3.086777220000000099e+00 4.963407024503185803e-13
3.087453609999999848e+00 4.994049795663157880e-13
3.088130000000000042e+00 5.014168323557092344e-13
3.088806400000000174e+00 5.008441885138665612e-13
3.089482789999999923e+00 5.003242577901044453e-13
3.090159180000000116e+00 4.990067367677609265e-13
3.090835579999999805e+00 4.972082550500914823e-13
3.091511969999999998e+00 4.964337493462229596e-13
3.092188360000000191e+00 4.981286178472957672e-13
3.092864759999999880e+00 4.988949770865756684e-13
3.093541150000000073e+00 4.983812675865515542e-13
3.094217539999999822e+00 4.983584742607083748e-13
3.094893939999999954e+00 4.982064955706714308e-13
3.095570330000000148e+00 4.979105276216274250e-13
3.096246729999999836e+00 4.977623784519859008e-13
3.096923120000000029e+00 4.969181447254613260e-13
3.097599509999999778e+00 4.942055527931917537e-13
3.098275909999999911e+00 4.924276471493706269e-13
3.098952300000000104e+00 4.941001118264116904e-13
3.099628689999999853e+00 4.951008635426767867e-13
3.100305089999999986e+00 4.949637799208071946e-13
3.100981480000000179e+00 4.946855059583966363e-13
3.101657869999999928e+00 4.939385198873348376e-13
3.102334270000000060e+00 4.935784847598231988e-13
3.103010659999999810e+00 4.934027795566552510e-13
3.103687050000000003e+00 4.922363957079380943e-13
3.104363450000000135e+00 4.907614919057177983e-13
3.105039839999999884e+00 4.899847125609032854e-13
3.105716230000000078e+00 4.899313512580091178e-13
3.106392630000000210e+00 4.906575824058972288e-13
3.107069019999999959e+00 4.900498173670040116e-13
3.107745410000000152e+00 4.894993010181017983e-13
3.108421809999999841e+00 4.896481890422293831e-13
3.109098200000000034e+00 4.893252730349776206e-13
3.109774600000000166e+00 4.892043748190907702e-13
3.110450989999999916e+00 4.890142635725055905e-13
3.111127380000000109e+00 4.887556486605616838e-13
3.111803779999999797e+00 4.882032260283032611e-13
3.112480169999999990e+00 4.872273731090875705e-13
3.113156560000000184e+00 4.859478692131714091e-13
3.113832959999999872e+00 4.835735650525065682e-13
3.114509350000000065e+00 4.771338561194209900e-13
3.115185739999999814e+00 4.699249009108228727e-13
3.115862139999999947e+00 4.651744429903752306e-13
3.116538530000000140e+00 4.750002990378768330e-13
3.117214919999999889e+00 4.819383695096980748e-13
3.117891320000000022e+00 4.840437460316915541e-13
3.118567710000000215e+00 4.840385764347719454e-13
3.119244099999999964e+00 4.833952375703819603e-13
3.119920500000000096e+00 4.828042536926984913e-13
3.120596889999999846e+00 4.824534450393210266e-13
3.121273280000000039e+00 4.819647137603709112e-13
3.121949680000000171e+00 4.816911495209168183e-13
3.122626069999999920e+00 4.816509927018750642e-13
3.123302470000000053e+00 4.813315283779845908e-13
3.123978859999999802e+00 4.810923914093157432e-13
3.124655249999999995e+00 4.802423852041426872e-13
3.125331650000000128e+00 4.795842940249835496e-13
3.126008039999999877e+00 4.784400835158453805e-13
3.126684430000000070e+00 4.741861498620144406e-13
3.127360830000000202e+00 4.735286566263863987e-13
3.128037219999999952e+00 4.761287776025594230e-13
3.128713610000000145e+00 4.753830362371292390e-13
3.129390009999999833e+00 4.745521507847618189e-13
3.130066400000000026e+00 4.743291491404185587e-13
3.130742790000000220e+00 4.739382096272229131e-13
3.131419189999999908e+00 4.750893627606863777e-13
3.132095580000000101e+00 4.760609563708355574e-13
3.132771969999999850e+00 4.756303573309064187e-13
3.133448369999999983e+00 4.750521950751456985e-13
3.134124760000000176e+00 4.746720592122366779e-13
3.134801149999999925e+00 4.733339842919301865e-13
3.135477550000000058e+00 4.713244962619592278e-13
3.136153939999999807e+00 4.712170916282092536e-13
3.136830339999999939e+00 4.718624126753887956e-13
3.137506730000000132e+00 4.723034154954918794e-13
3.138183119999999882e+00 4.724633035883469333e-13
3.138859520000000014e+00 4.711139492222670137e-13
3.139535910000000207e+00 4.707187027990903299e-13
3.140212299999999956e+00 4.716038206563214424e-13
3.140888700000000089e+00 4.712974470275905504e-13
3.141565089999999838e+00 4.698930532162447016e-13
3.142241480000000031e+00 4.678464567330095053e-13
3.142917880000000164e+00 4.687215032044998171e-13
3.143594269999999913e+00 4.699600892043575873e-13
3.144270660000000106e+00 4.695006340341680959e-13
3.144947059999999794e+00 4.684852606151900605e-13
3.145623449999999988e+00 4.680534854026671018e-13
3.146299840000000181e+00 4.675709204479589760e-13
3.146976239999999869e+00 4.667791578349916232e-13
3.147652630000000062e+00 4.666203054056377798e-13
3.148329019999999812e+00 4.664576665107860147e-13
3.149005419999999944e+00 4.667529921643852556e-13
3.149681810000000137e+00 4.664762234408934786e-13
3.150358209999999826e+00 4.649561494714088380e-13
3.151034600000000019e+00 4.569874760719799398e-13
3.151710990000000212e+00 4.465803255880337181e-13
3.152387389999999900e+00 4.549781790415291489e-13
3.153063780000000094e+00 4.628870022394886608e-13
3.153740169999999843e+00 4.631719399308777745e-13
3.154416569999999975e+00 4.624198768988920419e-13
3.155092960000000168e+00 4.628291877110235419e-13
3.155769349999999918e+00 4.623548932922560423e-13
3.156445750000000050e+00 4.618885206539163421e-13
3.157122139999999799e+00 4.614738563315758979e-13
3.157798529999999992e+00 4.615114039493074136e-13
3.158474930000000125e+00 4.610957036703158579e-13
3.159151319999999874e+00 4.602151699712912495e-13
3.159827710000000067e+00 4.595926856101988580e-13
3.160504110000000200e+00 4.594874143017483259e-13
3.161180499999999949e+00 4.597563004758857675e-13
3.161856890000000142e+00 4.586591791917506938e-13
3.162533289999999830e+00 4.573095369489555735e-13
3.163209680000000024e+00 4.579096545768014511e-13
3.163886080000000156e+00 4.575477129051906632e-13
3.164562469999999905e+00 4.556106951250733757e-13
3.165238860000000098e+00 4.552362732619019419e-13
3.165915259999999787e+00 4.560292149170977596e-13
3.166591649999999980e+00 4.560186295902053808e-13
3.167268040000000173e+00 4.550833219408172171e-13
3.167944439999999862e+00 4.537007040936021707e-13
3.168620830000000055e+00 4.525741480268950270e-13
3.169297219999999804e+00 4.525067384092226943e-13
3.169973619999999936e+00 4.512988760291252808e-13
3.170650010000000130e+00 4.515178413937823824e-13
3.171326399999999879e+00 4.522046991479109907e-13
3.172002800000000011e+00 4.528482024507900503e-13
3.172679190000000204e+00 4.526830512663249023e-13
3.173355579999999954e+00 4.513088543173884936e-13
3.174031980000000086e+00 4.509499209943375639e-13
3.174708369999999835e+00 4.517935761360990785e-13
3.175384760000000028e+00 4.514760067445734063e-13
3.176061160000000161e+00 4.505164188231473084e-13
3.176737549999999910e+00 4.507762182804736869e-13
3.177413950000000042e+00 4.506986877221656853e-13
3.178090339999999792e+00 4.496740910773557945e-13
3.178766729999999985e+00 4.483120933255628761e-13
3.179443130000000117e+00 4.480063280394377251e-13
3.180119519999999866e+00 4.464808614962918806e-13
3.180795910000000060e+00 4.432902557018006083e-13
3.181472310000000192e+00 4.430478321343773201e-13
3.182148699999999941e+00 4.439323573192791261e-13
3.182825090000000134e+00 4.449141591034589277e-13
3.183501489999999823e+00 4.459488523380314294e-13
3.184177880000000016e+00 4.467521471596418326e-13
3.184854270000000209e+00 4.472301023989760565e-13
3.185530669999999898e+00 4.470423803931994077e-13
3.186207060000000091e+00 4.465388772839507253e-13
3.186883449999999840e+00 4.456987028547136031e-13
3.187559849999999972e+00 4.441432576332551778e-13
3.188236240000000166e+00 4.440814957878978908e-13
3.188912629999999915e+00 4.448114995006026879e-13
3.189589030000000047e+00 4.443052893417750457e-13
3.190265419999999796e+00 4.440588107330843526e-13
3.190941819999999929e+00 4.438622040283402468e-13
3.191618210000000122e+00 4.427274069364001065e-13
3.192294599999999871e+00 4.411937377457248435e-13
3.192971000000000004e+00 4.412957088564552918e-13
3.193647390000000197e+00 4.420920316799927553e-13
3.194323779999999946e+00 4.422570707863958834e-13
3.195000180000000078e+00 4.417649965126048071e-13
3.195676569999999828e+00 4.411245081127163980e-13
3.196352960000000021e+00 4.411477258406787348e-13
3.197029360000000153e+00 4.409682892757429715e-13
3.197705749999999902e+00 4.405828250080679815e-13
3.198382140000000096e+00 4.402683742874527890e-13
3.199058539999999784e+00 4.397706414265098109e-13
3.199734929999999977e+00 4.389210988258013086e-13
3.200411320000000170e+00 4.374713370211402942e-13
3.201087719999999859e+00 4.347302127430460789e-13
3.201764110000000052e+00 4.354631452086432358e-13
3.202440499999999801e+00 4.374241559872996192e-13
3.203116899999999934e+00 4.368739536235544834e-13
3.203793290000000127e+00 4.352412594175009390e-13
3.204469689999999815e+00 4.348321741078955235e-13
3.205146080000000008e+00 4.352166073980765537e-13
3.205822470000000202e+00 4.342152758826302291e-13
3.206498869999999890e+00 4.336827850344373990e-13
3.207175260000000083e+00 4.345539720075597543e-13
3.207851649999999832e+00 4.353461835929317062e-13
3.208528049999999965e+00 4.351325145116658097e-13
3.209204440000000158e+00 4.346710881974752962e-13
3.209880829999999907e+00 4.340435439354074173e-13
3.210557230000000040e+00 4.331464859573153460e-13
3.211233619999999789e+00 4.326020709276850137e-13
3.211910009999999982e+00 4.325117704110912088e-13
3.212586410000000114e+00 4.321481606599936575e-13
3.213262799999999864e+00 4.319162015158651381e-13
3.213939190000000057e+00 4.308389501932265028e-13
3.214615590000000189e+00 4.283314241667769584e-13
3.215291979999999938e+00 4.283465758603860570e-13
3.215968370000000132e+00 4.291075299578329780e-13
3.216644769999999820e+00 4.255481573371751670e-13
3.217321160000000013e+00 4.195184503146558170e-13
3.217997560000000146e+00 4.226248467752858021e-13
3.218673949999999895e+00 4.272563071270561373e-13
3.219350340000000088e+00 4.281637794382744558e-13
3.220026740000000220e+00 4.283280129631175104e-13
3.220703129999999970e+00 4.283046933928530939e-13
3.221379520000000163e+00 4.282517329102020851e-13
3.222055919999999851e+00 4.277674040611398168e-13
3.222732310000000044e+00 4.260742117675632021e-13
3.223408699999999794e+00 4.244042248439591270e-13
3.224085099999999926e+00 4.253155273218343254e-13
3.224761490000000119e+00 4.263155251336208060e-13
3.225437879999999868e+00 4.259541105582910214e-13
3.226114280000000001e+00 4.247395712745912966e-13
3.226790670000000194e+00 4.241996266629942518e-13
3.227467059999999943e+00 4.240347771640143842e-13
3.228143460000000076e+00 4.231025890588770102e-13
3.228819849999999825e+00 4.222394146202275794e-13
3.229496240000000018e+00 4.220199305550401631e-13
3.230172640000000150e+00 4.224168337176726985e-13
3.230849029999999900e+00 4.224863655440149310e-13
3.231525430000000032e+00 4.222853267118433996e-13
3.232201819999999781e+00 4.217901305240628695e-13
3.232878209999999974e+00 4.211477551018036831e-13
3.233554610000000107e+00 4.200216187305396340e-13
3.234230999999999856e+00 4.202279907740911961e-13
3.234907390000000049e+00 4.206155783199536073e-13
3.235583790000000182e+00 4.202954454965538785e-13
3.236260179999999931e+00 4.196583843444536674e-13
3.236936570000000124e+00 4.195120433529067216e-13
3.237612969999999812e+00 4.192683474079962759e-13
3.238289360000000006e+00 4.180951294141465660e-13
3.238965750000000199e+00 4.170449044232050023e-13
3.239642149999999887e+00 4.164945778485799003e-13
3.240318540000000080e+00 4.164028855498602364e-13
3.240994929999999830e+00 4.165337094551024397e-13
3.241671329999999962e+00 4.153447799141689023e-13
3.242347720000000155e+00 4.130532682071524849e-13
3.243024109999999904e+00 4.133442070734075486e-13
3.243700510000000037e+00 4.160056547128490945e-13
3.244376899999999786e+00 4.162170999526042873e-13
3.245053299999999918e+00 4.153025821132265154e-13
3.245729690000000112e+00 4.149595356082653198e-13
3.246406079999999861e+00 4.145425907648588535e-13
3.247082479999999993e+00 4.132258939998488334e-13
3.247758870000000186e+00 4.129840699958352790e-13
3.248435259999999936e+00 4.136865849536405302e-13
3.249111660000000068e+00 4.136692367492863962e-13
3.249788049999999817e+00 4.125750608975914347e-13
3.250464440000000010e+00 4.115846849688823858e-13
3.251140840000000143e+00 4.124642562757007851e-13
3.251817229999999892e+00 4.130303114701140797e-13
3.252493620000000085e+00 4.127261705528586829e-13
3.253170020000000218e+00 4.120821338130883614e-13
3.253846409999999967e+00 4.116781698424925557e-13
3.254522800000000160e+00 4.114599863691585659e-13
3.255199199999999848e+00 4.112879224545332378e-13
3.255875590000000042e+00 4.112241077248127331e-13
3.256551979999999791e+00 4.109782708357769524e-13
3.257228379999999923e+00 4.101903638895116641e-13
3.257904770000000116e+00 4.095752200013128512e-13
3.258581169999999805e+00 4.095903564280390938e-13
3.259257559999999998e+00 4.096438075316840326e-13
3.259933950000000191e+00 4.094204938996280755e-13
3.260610349999999880e+00 4.089911211322142247e-13
3.261286740000000073e+00 4.086366589701328078e-13
3.261963129999999822e+00 4.080396249462763072e-13
3.262639529999999954e+00 4.073078312570790669e-13
3.263315920000000148e+00 4.069029848364354336e-13
3.263992309999999897e+00 4.066811436059723697e-13
3.264668710000000029e+00 4.061257149860591768e-13
3.265345099999999778e+00 4.055122943602786160e-13
3.266021489999999972e+00 4.050722195085091000e-13
3.266697890000000104e+00 4.050711741039660742e-13
3.267374279999999853e+00 4.054775046010971160e-13
3.268050670000000046e+00 4.051591563907526066e-13
3.268727070000000179e+00 4.040409879171435655e-13
3.269403459999999928e+00 4.038020124226496326e-13
3.270079850000000121e+00 4.040329772883833474e-13
3.270756249999999810e+00 4.037201995952987901e-13
3.271432640000000003e+00 4.035716755506577522e-13
3.272109040000000135e+00 4.033135381166644567e-13
3.272785429999999884e+00 4.031349934493810122e-13
3.273461820000000078e+00 4.029883724556423710e-13
3.274138220000000210e+00 4.024739738049723842e-13
3.274814609999999959e+00 4.015682364958203733e-13
3.275491000000000152e+00 4.005019710696013261e-13
3.276167399999999841e+00 3.994865503830252908e-13
3.276843790000000034e+00 3.992748140423706691e-13
3.277520179999999783e+00 3.998334219429148201e-13
3.278196579999999916e+00 3.998743417295924463e-13
3.278872970000000109e+00 3.989412525840058362e-13
3.279549359999999858e+00 3.984982657509846225e-13
3.280225759999999990e+00 3.985893234816665012e-13
3.280902150000000184e+00 3.971800474639718385e-13
3.281578539999999933e+00 3.954695117061892402e-13
3.282254940000000065e+00 3.946673444871135029e-13
3.282931329999999814e+00 3.944142530450155769e-13
3.283607720000000008e+00 3.951918160923763254e-13
3.284284120000000140e+00 3.949365179051152698e-13
3.284960509999999889e+00 3.950156660068177548e-13
3.285636910000000022e+00 3.956875861312799055e-13
3.286313300000000215e+00 3.951831265325540078e-13
3.286989689999999964e+00 3.947268188985166909e-13
3.287666090000000096e+00 3.947934224062161904e-13
3.288342479999999846e+00 3.951509416998869508e-13
3.289018870000000039e+00 3.948504871582624847e-13
3.289695270000000171e+00 3.942443271765675220e-13
3.290371659999999920e+00 3.936695171912354411e-13
3.291048050000000114e+00 3.926961972551071706e-13
3.291724449999999802e+00 3.918513830050418699e-13
3.292400839999999995e+00 3.907460704315229593e-13
3.293077230000000188e+00 3.899130750039803115e-13
3.293753629999999877e+00 3.892291951379126249e-13
3.294430020000000070e+00 3.884604861261681853e-13
3.295106409999999819e+00 3.875282135903431401e-13
3.295782809999999952e+00 3.850217749412967570e-13
3.296459200000000145e+00 3.811566209039385116e-13
3.297135589999999894e+00 3.798278222949617406e-13
3.297811990000000026e+00 3.819994790636876183e-13
3.298488380000000220e+00 3.848420913465389342e-13
3.299164779999999908e+00 3.869857885676251556e-13
3.299841170000000101e+00 3.877559028326178194e-13
3.300517559999999850e+00 3.880880489374976108e-13
3.301193959999999983e+00 3.882774175214853915e-13
3.301870350000000176e+00 3.884684129306345002e-13
3.302546739999999925e+00 3.885692923893104354e-13
3.303223140000000058e+00 3.883970863199404485e-13
3.303899529999999807e+00 3.877077792921487653e-13
3.304575920000000000e+00 3.866364737364999827e-13
3.305252320000000132e+00 3.865550556746522575e-13
3.305928709999999882e+00 3.872142703469782595e-13
3.306605100000000075e+00 3.873215904397770941e-13
3.307281500000000207e+00 3.869326447800584310e-13
3.307957889999999956e+00 3.868467902660725570e-13
3.308634280000000150e+00 3.867474970519982858e-13
3.309310679999999838e+00 3.863436961304354760e-13
3.309987070000000031e+00 3.859918001750338038e-13
3.310663459999999780e+00 3.857902030898840334e-13
3.311339859999999913e+00 3.854300500508862319e-13
3.312016250000000106e+00 3.851272873181063912e-13
3.312692649999999794e+00 3.847312636763305898e-13
3.313369039999999988e+00 3.839710304712376940e-13
3.314045430000000181e+00 3.838448326362533490e-13
3.314721829999999869e+00 3.837561632436585732e-13
3.315398220000000062e+00 3.831185386009214063e-13
3.316074609999999812e+00 3.807153479445628157e-13
3.316751009999999944e+00 3.768635948839984577e-13
3.317427400000000137e+00 3.760945297655168597e-13
3.318103789999999886e+00 3.737122005303004094e-13
3.318780190000000019e+00 3.748471098563923691e-13
3.319456580000000212e+00 3.678474015398982462e-13
3.320132969999999961e+00 3.591416301300294645e-13
3.320809370000000094e+00 3.709047011662210660e-13
3.321485759999999843e+00 3.790852632050250544e-13
3.322162150000000036e+00 3.803433799942790498e-13
3.322838550000000168e+00 3.799744091222704900e-13
3.323514939999999918e+00 3.791247021685267692e-13
3.324191330000000111e+00 3.785709059365921909e-13
3.324867729999999799e+00 3.774446816924946055e-13
3.325544119999999992e+00 3.766093291329847690e-13
3.326220520000000125e+00 3.765025490978437943e-13
3.326896909999999874e+00 3.773786632465887537e-13
3.327573300000000067e+00 3.778415770097865918e-13
3.328249700000000200e+00 3.777171524564661085e-13
3.328926089999999949e+00 3.764692533029119220e-13
3.329602480000000142e+00 3.765159811463495816e-13
3.330278879999999830e+00 3.775108682252445970e-13
3.330955270000000024e+00 3.772907638442337619e-13
3.331631660000000217e+00 3.766038318483819413e-13
3.332308059999999905e+00 3.762380432415131366e-13
3.332984450000000098e+00 3.759327488378713864e-13
3.333660839999999848e+00 3.753777432246124495e-13
3.334337239999999980e+00 3.749298490403090449e-13
3.335013630000000173e+00 3.746267041038932869e-13
3.335690019999999922e+00 3.743802995820476970e-13
3.336366420000000055e+00 3.741702765380572957e-13
3.337042809999999804e+00 3.737243569267753446e-13
3.337719199999999997e+00 3.731992673398434005e-13
3.338395600000000130e+00 3.728457879731030467e-13
3.339071989999999879e+00 3.719309939005112575e-13
3.339748390000000011e+00 3.701381643576073630e-13
3.340424780000000204e+00 3.702769408629548453e-13
3.341101169999999954e+00 3.708039243813408855e-13
3.341777570000000086e+00 3.718435487962295489e-13
3.342453959999999835e+00 3.722116385394220841e-13
3.343130350000000028e+00 3.716704296114340847e-13
3.343806750000000161e+00 3.712175227796147353e-13
3.344483139999999910e+00 3.709307271725557296e-13
3.345159530000000103e+00 3.711229814352774432e-13
3.345835929999999792e+00 3.708586227991934485e-13
3.346512319999999985e+00 3.704073151753590778e-13
3.347188710000000178e+00 3.705024133161156741e-13
3.347865109999999866e+00 3.704136938588889528e-13
3.348541500000000060e+00 3.700515673819920223e-13
3.349217889999999809e+00 3.693266307972226954e-13
3.349894289999999941e+00 3.688483269495832993e-13
3.350570680000000134e+00 3.687830530675481718e-13
3.351247069999999884e+00 3.682362367784298166e-13
3.351923470000000016e+00 3.679152769228136054e-13
3.352599860000000209e+00 3.667852758579389116e-13
3.353276259999999898e+00 3.641173669462029358e-13
3.353952650000000091e+00 3.653325235667101272e-13
3.354629039999999840e+00 3.667733136183896936e-13
3.355305439999999972e+00 3.658625938742149226e-13
3.355981830000000166e+00 3.655764069615333401e-13
3.356658219999999915e+00 3.658342318793288310e-13
3.357334620000000047e+00 3.657455163810276993e-13
3.358011009999999796e+00 3.658546561230611612e-13
3.358687399999999990e+00 3.656468582657711615e-13
3.359363800000000122e+00 3.653483701370102015e-13
3.360040189999999871e+00 3.649320274755445245e-13
3.360716580000000064e+00 3.644589021755922609e-13
3.361392980000000197e+00 3.643226767414408525e-13
3.362069369999999946e+00 3.642131421750413154e-13
3.362745760000000139e+00 3.641630583887594666e-13
3.363422159999999828e+00 3.636831993196869619e-13
3.364098550000000021e+00 3.626240971374740069e-13
3.364774940000000214e+00 3.616012392096060773e-13
3.365451339999999902e+00 3.608634823221506552e-13
3.366127730000000096e+00 3.591629787984485696e-13
3.366804129999999784e+00 3.604350681077738804e-13
3.367480519999999977e+00 3.616999814592487281e-13
3.368156910000000170e+00 3.614676588867931815e-13
3.368833309999999859e+00 3.608407220781565661e-13
3.369509700000000052e+00 3.592074268350221046e-13
3.370186089999999801e+00 3.574759214057322455e-13
3.370862489999999934e+00 3.583787026732142273e-13
3.371538880000000127e+00 3.593062834605704490e-13
3.372215269999999876e+00 3.588429685283202012e-13
3.372891670000000008e+00 3.582856260412343259e-13
3.373568060000000202e+00 3.577653240738744463e-13
3.374244449999999951e+00 3.579272012432784310e-13
3.374920850000000083e+00 3.585897053778663033e-13
3.375597239999999832e+00 3.581882974260073898e-13
3.376273630000000026e+00 3.573550302421653564e-13
3.376950030000000158e+00 3.568425433055172205e-13
3.377626419999999907e+00 3.565903009836416636e-13
3.378302810000000100e+00 3.558804019632128387e-13
3.378979209999999789e+00 3.559955352605566171e-13
3.379655599999999982e+00 3.562915605817650624e-13
3.380332000000000114e+00 3.558151475072382830e-13
3.381008389999999864e+00 3.552972519639703628e-13
3.381684780000000057e+00 3.539760885524271697e-13
3.382361180000000189e+00 3.530110071968069160e-13
3.383037569999999938e+00 3.534619396631169828e-13
3.383713960000000132e+00 3.541047706963907690e-13
3.384390359999999820e+00 3.542780761703127208e-13
3.385066750000000013e+00 3.543198498594927031e-13
3.385743140000000206e+00 3.542367258030946730e-13
3.386419539999999895e+00 3.537364042028675916e-13
3.387095930000000088e+00 3.533319964429224409e-13
3.387772319999999837e+00 3.533086996504953833e-13
3.388448719999999970e+00 3.528512738071400092e-13
3.389125110000000163e+00 3.523285951247748044e-13
3.389801499999999912e+00 3.521969019901244395e-13
3.390477900000000044e+00 3.517089143204133418e-13
3.391154289999999794e+00 3.496908831057349234e-13
3.391830679999999987e+00 3.488605554698534282e-13
3.392507080000000119e+00 3.503935244804300551e-13
3.393183469999999868e+00 3.510348899463972274e-13
3.393859870000000001e+00 3.510473611245457059e-13
3.394536260000000194e+00 3.500746667587216701e-13
3.395212649999999943e+00 3.491284398567484898e-13
3.395889050000000076e+00 3.474917505436536201e-13
3.396565439999999825e+00 3.402261925854259555e-13
3.397241830000000018e+00 3.343144562261501614e-13
3.397918230000000150e+00 3.403208986548427374e-13
3.398594619999999900e+00 3.429372156966904260e-13
3.399271010000000093e+00 3.461934998536550819e-13
3.399947409999999781e+00 3.472194344202343550e-13
3.400623799999999974e+00 3.414617256362122834e-13
3.401300190000000168e+00 3.369656639585137925e-13
3.401976589999999856e+00 3.422741785915462771e-13
3.402652980000000049e+00 3.461070025744161979e-13
3.403329369999999798e+00 3.472597660838665729e-13
3.404005769999999931e+00 3.474982977105976296e-13
3.404682160000000124e+00 3.470333092379093321e-13
3.405358549999999873e+00 3.462987123465192350e-13
3.406034950000000006e+00 3.458430583815830622e-13
3.406711340000000199e+00 3.454163841450535734e-13
3.407387739999999887e+00 3.445511342689438027e-13
3.408064130000000080e+00 3.430793353235642760e-13
3.408740519999999830e+00 3.422442950721535645e-13
3.409416919999999962e+00 3.438383015301446930e-13
3.410093310000000155e+00 3.447357706123321564e-13
3.410769699999999904e+00 3.447092444499188147e-13
3.411446100000000037e+00 3.444804032529975087e-13
3.412122489999999786e+00 3.443155987341920502e-13
3.412798879999999979e+00 3.434286708411976802e-13
3.413475280000000112e+00 3.419650806551650449e-13
3.414151669999999861e+00 3.411265584215669726e-13
3.414828060000000054e+00 3.391030204645943169e-13
3.415504460000000186e+00 3.374865296134806889e-13
3.416180849999999936e+00 3.352484331974665091e-13
3.416857240000000129e+00 3.368468936506618867e-13
3.417533639999999817e+00 3.408146787080929760e-13
3.418210030000000010e+00 3.409390674748162441e-13
3.418886420000000204e+00 3.410976197006706599e-13
3.419562819999999892e+00 3.415234685314065431e-13
3.420239210000000085e+00 3.408639040477814211e-13
3.420915610000000218e+00 3.398520460744053692e-13
3.421591999999999967e+00 3.400331333843492911e-13
3.422268390000000160e+00 3.402874272802206319e-13
3.422944789999999848e+00 3.399986386256813748e-13
3.423621180000000042e+00 3.392721832871590205e-13
3.424297569999999791e+00 3.386083594159612631e-13
3.424973969999999923e+00 3.387444955577019492e-13
3.425650360000000116e+00 3.388180348646577935e-13
3.426326749999999866e+00 3.372214571578438323e-13
3.427003149999999998e+00 3.361444122989691528e-13
3.427679540000000191e+00 3.370245671281343651e-13
3.428355929999999940e+00 3.369557604880673243e-13
3.429032330000000073e+00 3.374310475621339019e-13
3.429708719999999822e+00 3.376786310757299465e-13
3.430385110000000015e+00 3.373607802958942023e-13
3.431061510000000148e+00 3.369152968855173748e-13
3.431737899999999897e+00 3.366550725041278396e-13
3.432414290000000090e+00 3.364023548003398822e-13
3.433090689999999778e+00 3.359710444666422196e-13
3.433767079999999972e+00 3.358138209945315631e-13
3.434443480000000104e+00 3.354160341278908299e-13
3.435119869999999853e+00 3.350774564755922244e-13
3.435796260000000046e+00 3.348453081510456775e-13
3.436472660000000179e+00 3.348796961615533992e-13
3.437149049999999928e+00 3.347683362977738558e-13
3.437825440000000121e+00 3.342025862063853555e-13
3.438501839999999810e+00 3.335151750399354642e-13
3.439178230000000003e+00 3.336104661070004708e-13
3.439854620000000196e+00 3.336367062685786937e-13
3.440531019999999884e+00 3.330334076390287992e-13
3.441207410000000078e+00 3.315925419412755412e-13
3.441883799999999827e+00 3.299347165774226282e-13
3.442560199999999959e+00 3.310501890192316443e-13
3.443236590000000152e+00 3.323275015659644047e-13
3.443912979999999902e+00 3.321767899951745836e-13
3.444589380000000034e+00 3.320552105539921916e-13
3.445265769999999783e+00 3.318532132657556678e-13
3.445942159999999976e+00 3.315690493327723856e-13
3.446618560000000109e+00 3.314169828322353970e-13
3.447294949999999858e+00 3.311406349722692886e-13
3.447971349999999990e+00 3.302694444329840055e-13
3.448647740000000184e+00 3.294066968553115651e-13
3.449324129999999933e+00 3.294190737887011720e-13
3.450000530000000065e+00 3.296996164218168428e-13
3.450676919999999814e+00 3.297354858180559433e-13
3.451353310000000008e+00 3.294610753572725102e-13
3.452029710000000140e+00 3.287880785302366169e-13
3.452706099999999889e+00 3.286131115715420970e-13
3.453382490000000082e+00 3.281752087773652712e-13
3.454058890000000215e+00 3.280698899318776999e-13
3.454735279999999964e+00 3.279997955235914021e-13
3.455411670000000157e+00 3.271893180481241769e-13
3.456088069999999846e+00 3.267458738884537244e-13
3.456764460000000039e+00 3.270150548436476343e-13
3.457440849999999788e+00 3.265863586494572296e-13
3.458117249999999920e+00 3.259189379189453528e-13
3.458793640000000114e+00 3.256109961700565102e-13
3.459470029999999863e+00 3.255397928872771534e-13
3.460146429999999995e+00 3.253858610624704344e-13
3.460822820000000188e+00 3.255350798313159127e-13
3.461499219999999877e+00 3.251782776150906601e-13
3.462175610000000070e+00 3.246568971388987144e-13
3.462851999999999819e+00 3.249491156788604824e-13
3.463528399999999952e+00 3.249908493750457586e-13
3.464204790000000145e+00 3.247327427494069489e-13
3.464881179999999894e+00 3.241032242921887554e-13
3.465557580000000026e+00 3.235058049309145594e-13
3.466233970000000220e+00 3.234526498005605293e-13
3.466910359999999969e+00 3.237293044002310657e-13
3.467586760000000101e+00 3.238960827226356655e-13
3.468263149999999850e+00 3.234527384222703504e-13
3.468939540000000044e+00 3.230073017938802102e-13
3.469615940000000176e+00 3.224842171712645773e-13
3.470292329999999925e+00 3.223846101266927286e-13
3.470968720000000118e+00 3.225380064555935775e-13
3.471645119999999807e+00 3.222680267909336919e-13
3.472321510000000000e+00 3.216840000284957615e-13
3.472997900000000193e+00 3.215012032356842594e-13
3.473674299999999882e+00 3.212706132270669222e-13
3.474350690000000075e+00 3.211242160666194899e-13
3.475027090000000207e+00 3.209327476258442185e-13
3.475703479999999956e+00 3.207063630104124170e-13
3.476379870000000150e+00 3.202648143011642681e-13
3.477056269999999838e+00 3.197982815964727359e-13
3.477732660000000031e+00 3.199043312470810442e-13
3.478409049999999780e+00 3.198960525041082798e-13
3.479085449999999913e+00 3.197661598466314493e-13
3.479761840000000106e+00 3.195195313172004656e-13
3.480438229999999855e+00 3.189360089172804064e-13
3.481114629999999988e+00 3.187380109621142533e-13
3.481791020000000181e+00 3.188344814488045879e-13
3.482467409999999930e+00 3.183532227818276381e-13
3.483143810000000062e+00 3.179941613849774180e-13
3.483820199999999812e+00 3.180305651930384307e-13
3.484496590000000005e+00 3.175884861380100620e-13
3.485172990000000137e+00 3.166183103562228587e-13
3.485849379999999886e+00 3.163306733303804753e-13
3.486525770000000080e+00 3.168255305636323154e-13
3.487202170000000212e+00 3.168085656849835394e-13
3.487878559999999961e+00 3.159042554495069989e-13
3.488554960000000094e+00 3.152592673877769080e-13
3.489231349999999843e+00 3.150387392908130751e-13
3.489907740000000036e+00 3.154277243166185061e-13
3.490584140000000168e+00 3.151940417499596281e-13
3.491260529999999918e+00 3.138638540664767282e-13
3.491936920000000111e+00 3.124487672799210168e-13
3.492613319999999799e+00 3.119669052820933812e-13
3.493289709999999992e+00 3.121803325001149477e-13
3.493966100000000186e+00 3.118532290784273617e-13
3.494642499999999874e+00 3.129780316697240037e-13
3.495318890000000067e+00 3.135354575008156776e-13
3.495995279999999816e+00 3.136709135872165683e-13
3.496671679999999949e+00 3.135695429005223008e-13
3.497348070000000142e+00 3.131348385210756712e-13
3.498024459999999891e+00 3.129879814178200305e-13
3.498700860000000024e+00 3.128721853175286947e-13
3.499377250000000217e+00 3.125371865651783614e-13
3.500053639999999966e+00 3.118331238672779651e-13
3.500730040000000098e+00 3.103011469081990092e-13
3.501406429999999848e+00 3.098375790929652846e-13
3.502082829999999980e+00 3.099606463321909895e-13
3.502759220000000173e+00 3.098392106888785272e-13
3.503435609999999922e+00 3.099056154860834199e-13
3.504112010000000055e+00 3.100038092200516831e-13
3.504788399999999804e+00 3.103041807420952418e-13
3.505464789999999997e+00 3.100435017152245431e-13
3.506141190000000130e+00 3.098189264186189127e-13
3.506817579999999879e+00 3.098568717229801837e-13
3.507493970000000072e+00 3.094557742072104016e-13
3.508170370000000204e+00 3.089627348828673800e-13
3.508846759999999954e+00 3.074442497059664539e-13
3.509523150000000147e+00 3.057119876354208392e-13
3.510199549999999835e+00 3.063508100766669759e-13
3.510875940000000028e+00 3.074369798765470944e-13
3.511552330000000222e+00 3.072899529079643665e-13
3.512228729999999910e+00 3.058179983154934942e-13
3.512905120000000103e+00 3.037065854925576336e-13
3.513581509999999852e+00 3.036815358283507339e-13
3.514257909999999985e+00 3.050422427309969541e-13
3.514934300000000178e+00 3.063142523614163347e-13
3.515610699999999866e+00 3.062936774999488292e-13
3.516287090000000060e+00 3.065389499058698090e-13
3.516963479999999809e+00 3.065176039137899408e-13
3.517639879999999941e+00 3.050063762805266887e-13
3.518316270000000134e+00 3.046641697534970274e-13
3.518992659999999884e+00 3.054109713723033120e-13
3.519669060000000016e+00 3.049437511045388613e-13
3.520345450000000209e+00 3.045334273482540553e-13
3.521021839999999958e+00 3.044943168242813945e-13
3.521698240000000091e+00 3.039525646664971942e-13
3.522374629999999840e+00 3.036390421706863919e-13
3.523051020000000033e+00 3.024072336453838258e-13
3.523727420000000166e+00 2.992941191882275907e-13
3.524403809999999915e+00 3.010488275236412544e-13
3.525080200000000108e+00 3.036252107925841583e-13
3.525756599999999796e+00 3.036676047562300434e-13
3.526432989999999990e+00 3.025820777056295745e-13
3.527109380000000183e+00 3.015472074318580951e-13
3.527785779999999871e+00 3.009592564370610964e-13
3.528462170000000064e+00 2.999969523425699314e-13
3.529138570000000197e+00 2.990609025080447414e-13
3.529814959999999946e+00 3.002793288654755597e-13
3.530491350000000139e+00 2.996646570308162602e-13
3.531167749999999828e+00 2.997727334052183847e-13
3.531844140000000021e+00 3.012045369201640238e-13
3.532520530000000214e+00 3.005845537739287144e-13
3.533196929999999902e+00 2.988880207286817282e-13
3.533873320000000096e+00 2.992412949035681239e-13
3.534549709999999845e+00 2.989518196638054091e-13
3.535226109999999977e+00 2.978503393965982009e-13
3.535902500000000170e+00 2.969402982146114438e-13
3.536578889999999920e+00 2.967424167348519031e-13
3.537255290000000052e+00 2.950924777779410103e-13
3.537931679999999801e+00 2.939960493499308545e-13
3.538608069999999994e+00 2.953475649514102845e-13
3.539284470000000127e+00 2.961731506390134719e-13
3.539960859999999876e+00 2.975767674357243932e-13
3.540637250000000069e+00 2.984500231184400385e-13
3.541313650000000202e+00 2.984895568174398617e-13
3.541990039999999951e+00 2.982230885399294877e-13
3.542666440000000083e+00 2.975439110304892052e-13
3.543342829999999832e+00 2.964636436162406077e-13
3.544019220000000026e+00 2.965085232226229445e-13
3.544695620000000158e+00 2.964187220275238275e-13
3.545372009999999907e+00 2.969400391229893163e-13
3.546048400000000100e+00 2.966149068016828591e-13
3.546724799999999789e+00 2.958472663600433080e-13
3.547401189999999982e+00 2.961639757816471519e-13
3.548077580000000175e+00 2.965496847831563326e-13
3.548753979999999864e+00 2.962458543905671058e-13
3.549430370000000057e+00 2.957790565610215646e-13
3.550106759999999806e+00 2.952640183500448892e-13
3.550783159999999938e+00 2.948397745160352283e-13
3.551459550000000132e+00 2.949122161120539504e-13
3.552135939999999881e+00 2.951182507507856646e-13
3.552812340000000013e+00 2.950023470014225173e-13
3.553488730000000206e+00 2.948569315182972366e-13
3.554165119999999956e+00 2.947263498536067632e-13
3.554841520000000088e+00 2.940772241244659839e-13
3.555517909999999837e+00 2.929557351604868091e-13
3.556194309999999970e+00 2.932524011632375388e-13
3.556870700000000163e+00 2.938389310304073036e-13
3.557547089999999912e+00 2.936821447206892719e-13
3.558223490000000044e+00 2.929195528774248754e-13
3.558899879999999794e+00 2.924047674738438075e-13
3.559576269999999987e+00 2.918390530339334479e-13
3.560252670000000119e+00 2.898816472699809783e-13
3.560929059999999868e+00 2.908563532839696337e-13
3.561605450000000062e+00 2.922795732602980095e-13
3.562281850000000194e+00 2.923951913327534294e-13
3.562958239999999943e+00 2.922571966315381438e-13
3.563634630000000136e+00 2.920871285529225620e-13
3.564311029999999825e+00 2.918182834575753475e-13
3.564987420000000018e+00 2.914756309061266087e-13
3.565663810000000211e+00 2.911308008275648697e-13
3.566340209999999900e+00 2.908269440818257812e-13
3.567016600000000093e+00 2.907300789603661451e-13
3.567692989999999842e+00 2.905816718418590730e-13
3.568369389999999974e+00 2.904573739984710861e-13
3.569045780000000168e+00 2.900896659536081892e-13
3.569722179999999856e+00 2.889559441876065075e-13
3.570398570000000049e+00 2.881034936431083140e-13
3.571074959999999798e+00 2.880021374590419951e-13
3.571751359999999931e+00 2.876357879241712569e-13
3.572427750000000124e+00 2.876350143161254945e-13
3.573104139999999873e+00 2.878671972822805415e-13
3.573780540000000006e+00 2.882502805871286575e-13
3.574456930000000199e+00 2.880774537401523852e-13
3.575133319999999948e+00 2.871475410978021172e-13
3.575809720000000080e+00 2.863527600406688665e-13
3.576486109999999830e+00 2.866634575188712179e-13
3.577162500000000023e+00 2.869013514070270438e-13
3.577838900000000155e+00 2.867060936092817184e-13
3.578515289999999904e+00 2.847359323810282554e-13
3.579191680000000098e+00 2.836697631832036838e-13
3.579868079999999786e+00 2.846999448031653123e-13
3.580544469999999979e+00 2.855025747755802729e-13
3.581220860000000172e+00 2.860469736380586310e-13
3.581897259999999861e+00 2.861857460013545803e-13
3.582573650000000054e+00 2.860883914947509050e-13
3.583250050000000186e+00 2.857686189135158593e-13
3.583926439999999936e+00 2.852586472750478134e-13
3.584602830000000129e+00 2.845025938396179636e-13
3.585279229999999817e+00 2.839090335285566379e-13
3.585955620000000010e+00 2.840305546721821332e-13
3.586632010000000204e+00 2.833881651932391028e-13
3.587308409999999892e+00 2.830792303535846650e-13
3.587984800000000085e+00 2.838451509998136451e-13
3.588661189999999834e+00 2.837137445073150014e-13
3.589337589999999967e+00 2.830113452937760437e-13
3.590013980000000160e+00 2.833473952462913815e-13
3.590690369999999909e+00 2.835528080978076832e-13
3.591366770000000042e+00 2.829533735316890324e-13
3.592043159999999791e+00 2.826406146442176903e-13
3.592719549999999984e+00 2.827387140358863622e-13
3.593395950000000116e+00 2.827563104941474887e-13
3.594072339999999866e+00 2.826663676105984094e-13
3.594748730000000059e+00 2.822663537560141880e-13
3.595425130000000191e+00 2.814355907151244070e-13
3.596101519999999940e+00 2.796824055147456405e-13
3.596777920000000073e+00 2.795390771203319556e-13
3.597454309999999822e+00 2.810407817538718686e-13
3.598130700000000015e+00 2.813168346637672141e-13
3.598807100000000148e+00 2.811694560038101093e-13
3.599483489999999897e+00 2.809699834547744977e-13
3.600159880000000090e+00 2.807206220577061885e-13
3.600836279999999778e+00 2.804381148850923313e-13
3.601512669999999972e+00 2.802523181143301452e-13
3.602189060000000165e+00 2.800762135671186157e-13
3.602865459999999853e+00 2.798620024740510916e-13
3.603541850000000046e+00 2.796280513312814376e-13
3.604218239999999795e+00 2.792854092734283297e-13
3.604894639999999928e+00 2.785960604660804514e-13
3.605571030000000121e+00 2.776980785815634795e-13
3.606247419999999870e+00 2.774692888460247250e-13
3.606923820000000003e+00 2.781310494326998536e-13
3.607600210000000196e+00 2.782443660241128075e-13
3.608276599999999945e+00 2.774955851480096777e-13
3.608953000000000078e+00 2.770298730366010491e-13
3.609629389999999827e+00 2.777081947946895343e-13
3.610305789999999959e+00 2.777937420274358159e-13
3.610982180000000152e+00 2.773133700387600491e-13
3.611658569999999902e+00 2.769378287356310367e-13
3.612334970000000034e+00 2.769141794014887403e-13
3.613011359999999783e+00 2.766457067569979835e-13
3.613687749999999976e+00 2.763985833485147065e-13
3.614364150000000109e+00 2.762525585560004404e-13
3.615040539999999858e+00 2.755116727800185002e-13
3.615716930000000051e+00 2.751321444364500844e-13
3.616393330000000184e+00 2.755634319550243536e-13
3.617069719999999933e+00 2.755702817315887197e-13
3.617746110000000126e+00 2.754540127407242970e-13
3.618422509999999814e+00 2.752545446832378607e-13
3.619098900000000008e+00 2.750976667324072549e-13
3.619775290000000201e+00 2.749252376354243177e-13
3.620451689999999889e+00 2.745441638734547878e-13
3.621128080000000082e+00 2.743504202793673144e-13
3.621804469999999831e+00 2.741481437001639705e-13
3.622480869999999964e+00 2.733417817513987220e-13
3.623157260000000157e+00 2.722854419037790575e-13
3.623833659999999846e+00 2.722543736807470160e-13
3.624510050000000039e+00 2.721395619259066044e-13
3.625186439999999788e+00 2.724582018331134744e-13
3.625862839999999920e+00 2.730633162291792476e-13
3.626539230000000114e+00 2.731300413374624065e-13
3.627215619999999863e+00 2.728605054684558364e-13
3.627892019999999995e+00 2.723651547944735874e-13
3.628568410000000188e+00 2.720977504504963602e-13
3.629244799999999938e+00 2.718436952698178474e-13
3.629921200000000070e+00 2.704930834051015552e-13
3.630597589999999819e+00 2.686015019845994977e-13
3.631273980000000012e+00 2.696908974913694609e-13
3.631950380000000145e+00 2.706307225062850096e-13
3.632626769999999894e+00 2.705666702675256627e-13
3.633303160000000087e+00 2.703638652023834398e-13
3.633979560000000220e+00 2.703466532139853688e-13
3.634655949999999969e+00 2.699658973048789223e-13
3.635332340000000162e+00 2.689931431571683238e-13
3.636008739999999850e+00 2.688931801291570898e-13
3.636685130000000044e+00 2.687554598216182710e-13
3.637361530000000176e+00 2.680740278011268224e-13
3.638037919999999925e+00 2.681952815512964088e-13
3.638714310000000118e+00 2.683936963035819202e-13
3.639390709999999807e+00 2.678009013983214559e-13
3.640067100000000000e+00 2.642049922026383838e-13
3.640743490000000193e+00 2.602059218027759118e-13
3.641419889999999882e+00 2.629140400063987017e-13
3.642096280000000075e+00 2.665045569151203908e-13
3.642772669999999824e+00 2.675909732707150443e-13
3.643449069999999956e+00 2.675348764125540360e-13
3.644125460000000150e+00 2.659800522208940885e-13
3.644801849999999899e+00 2.651963414320356837e-13
3.645478250000000031e+00 2.661668217208445116e-13
3.646154639999999780e+00 2.670393303292514053e-13
3.646831029999999974e+00 2.668459302311602590e-13
3.647507430000000106e+00 2.659709468777216766e-13
3.648183819999999855e+00 2.659238019265728789e-13
3.648860210000000048e+00 2.663446381469432434e-13
3.649536610000000181e+00 2.663398402550721103e-13
3.650212999999999930e+00 2.661372329341677798e-13
3.650889400000000062e+00 2.658038248915057762e-13
3.651565789999999811e+00 2.656238577734525601e-13
3.652242180000000005e+00 2.657238768984046161e-13
3.652918580000000137e+00 2.656601070499018395e-13
3.653594969999999886e+00 2.653684247733661020e-13
3.654271360000000080e+00 2.649536935517418704e-13
3.654947760000000212e+00 2.646763354539013498e-13
3.655624149999999961e+00 2.645206406196506234e-13
3.656300540000000154e+00 2.643263812806493810e-13
3.656976939999999843e+00 2.641584846587199621e-13
3.657653330000000036e+00 2.630836035361597420e-13
3.658329719999999785e+00 2.598243278718176264e-13
3.659006119999999918e+00 2.596669273792067977e-13
3.659682510000000111e+00 2.617798656743044321e-13
3.660358899999999860e+00 2.619574254641036115e-13
3.661035299999999992e+00 2.622528255040777598e-13
3.661711690000000186e+00 2.615788349268406571e-13
3.662388079999999935e+00 2.609154262354029260e-13
3.663064480000000067e+00 2.614659547137213154e-13
3.663740869999999816e+00 2.617976599251837728e-13
3.664417269999999949e+00 2.612532707097807948e-13
3.665093660000000142e+00 2.611448902182039767e-13
3.665770049999999891e+00 2.613963668296273560e-13
3.666446450000000024e+00 2.611857751832927582e-13
3.667122840000000217e+00 2.596912737487852757e-13
3.667799229999999966e+00 2.583931160363317193e-13
3.668475630000000098e+00 2.593711569651284321e-13
3.669152019999999847e+00 2.597924838355643589e-13
3.669828410000000041e+00 2.596179786675863082e-13
3.670504810000000173e+00 2.576688936381635244e-13
3.671181199999999922e+00 2.537435556043823213e-13
3.671857590000000116e+00 2.550429578669474399e-13
3.672533989999999804e+00 2.581228001868834108e-13
3.673210379999999997e+00 2.588202511624630012e-13
3.673886770000000190e+00 2.589087677171934655e-13
3.674563169999999879e+00 2.587719532386779448e-13
3.675239560000000072e+00 2.589073963170918863e-13
3.675915949999999821e+00 2.589702611191492516e-13
3.676592349999999954e+00 2.578967551590713418e-13
3.677268740000000147e+00 2.560540105378445846e-13
3.677945139999999835e+00 2.555518560956786806e-13
3.678621530000000028e+00 2.550985000077991822e-13
3.679297920000000222e+00 2.550260188415046830e-13
3.679974319999999910e+00 2.560704690167751951e-13
3.680650710000000103e+00 2.559125669428019961e-13
3.681327099999999852e+00 2.542020189129121931e-13
3.682003499999999985e+00 2.509308903444835675e-13
3.682679890000000178e+00 2.521573743114411127e-13
3.683356279999999927e+00 2.552322994931908501e-13
3.684032680000000060e+00 2.556898799281030055e-13
3.684709069999999809e+00 2.559831555248000842e-13
3.685385460000000002e+00 2.561155567518672320e-13
3.686061860000000134e+00 2.559126641000494157e-13
3.686738249999999883e+00 2.557404025817439924e-13
3.687414640000000077e+00 2.557242498655857501e-13
3.688091040000000209e+00 2.558702389958285418e-13
3.688767429999999958e+00 2.559288010460591104e-13
3.689443820000000152e+00 2.557012694781805494e-13
3.690120219999999840e+00 2.552784337385356153e-13
3.690796610000000033e+00 2.548074021867365306e-13
3.691473010000000166e+00 2.546787545554564675e-13
3.692149399999999915e+00 2.546554083003911303e-13
3.692825790000000108e+00 2.543140588038523096e-13
3.693502189999999796e+00 2.541376854022183117e-13
3.694178579999999990e+00 2.540280501588501454e-13
3.694854970000000183e+00 2.536481174784122202e-13
3.695531369999999871e+00 2.532449878787022481e-13
3.696207760000000064e+00 2.525244612457122912e-13
3.696884149999999813e+00 2.494592070927169825e-13
3.697560549999999946e+00 2.439040932867288658e-13
3.698236940000000139e+00 2.403716153375171629e-13
3.698913329999999888e+00 2.439072826532570433e-13
3.699589730000000021e+00 2.503627945200825348e-13
3.700266120000000214e+00 2.519486777961070472e-13
3.700942509999999963e+00 2.518014498309021254e-13
3.701618910000000096e+00 2.515748648641142876e-13
3.702295299999999845e+00 2.516325093893675110e-13
3.702971690000000038e+00 2.514019858158130728e-13
3.703648090000000170e+00 2.513828808973174624e-13
3.704324479999999919e+00 2.511208967379212253e-13
3.705000880000000052e+00 2.502839812693440265e-13
3.705677269999999801e+00 2.493725507240236923e-13
3.706353659999999994e+00 2.489011171154279192e-13
3.707030060000000127e+00 2.491058356186283415e-13
3.707706449999999876e+00 2.489148234925394733e-13
3.708382840000000069e+00 2.478357830592970615e-13
3.709059240000000202e+00 2.464033318560772590e-13
3.709735629999999951e+00 2.479426477111494586e-13
3.710412020000000144e+00 2.489802388580530038e-13
3.711088419999999832e+00 2.490951720671732905e-13
3.711764810000000026e+00 2.491845611093648082e-13
3.712441200000000219e+00 2.487136502396621470e-13
3.713117599999999907e+00 2.477391547810597912e-13
3.713793990000000100e+00 2.459762180168102748e-13
3.714470379999999849e+00 2.422974185216243507e-13
3.715146779999999982e+00 2.401900654309612673e-13
3.715823170000000175e+00 2.436552357440562813e-13
3.716499559999999924e+00 2.462793354219565097e-13
3.717175960000000057e+00 2.469871667256105261e-13
3.717852349999999806e+00 2.467353317753974154e-13
3.718528749999999938e+00 2.458343486847107411e-13
3.719205140000000132e+00 2.455867483922282776e-13
3.719881529999999881e+00 2.463142101858252607e-13
3.720557930000000013e+00 2.466376842029521107e-13
3.721234320000000206e+00 2.459103007349624252e-13
3.721910709999999955e+00 2.444300649589504115e-13
3.722587110000000088e+00 2.439400216544734479e-13
3.723263499999999837e+00 2.442034210990777422e-13
3.723939890000000030e+00 2.446606348651900403e-13
3.724616290000000163e+00 2.447705281494441141e-13
3.725292679999999912e+00 2.451965819641825617e-13
3.725969070000000105e+00 2.453055938662294004e-13
3.726645469999999793e+00 2.450887172174062196e-13
3.727321859999999987e+00 2.450023127107239462e-13
3.727998250000000180e+00 2.451211597856618349e-13
3.728674649999999868e+00 2.451702690360792921e-13
3.729351040000000062e+00 2.450353409111235815e-13
3.730027429999999811e+00 2.447697293064719751e-13
3.730703829999999943e+00 2.443610962335224527e-13
3.731380220000000136e+00 2.439628048136023373e-13
3.732056619999999825e+00 2.437056274355981518e-13
3.732733010000000018e+00 2.434668188454576755e-13
3.733409400000000211e+00 2.432596440171256315e-13
3.734085799999999900e+00 2.425301709998717661e-13
3.734762190000000093e+00 2.414335069074783976e-13
3.735438579999999842e+00 2.406092384178388663e-13
3.736114979999999974e+00 2.409154373375644156e-13
3.736791370000000168e+00 2.405533588738144682e-13
3.737467759999999917e+00 2.402032583855939311e-13
3.738144160000000049e+00 2.401501205986825405e-13
3.738820549999999798e+00 2.391480254388391733e-13
3.739496939999999991e+00 2.368044404836910047e-13
3.740173340000000124e+00 2.338472934648792752e-13
3.740849729999999873e+00 2.337184940514913557e-13
3.741526120000000066e+00 2.363249405400356883e-13
3.742202520000000199e+00 2.382027995170862489e-13
3.742878909999999948e+00 2.392956447385066407e-13
3.743555300000000141e+00 2.395346347297460686e-13
3.744231699999999829e+00 2.388870423168198377e-13
3.744908090000000023e+00 2.366160043782966371e-13
3.745584490000000155e+00 2.335551473307350594e-13
3.746260879999999904e+00 2.361894245148144426e-13
3.746937270000000098e+00 2.389075122229079413e-13
3.747613669999999786e+00 2.396287800735132559e-13
3.748290059999999979e+00 2.394668286694261818e-13
3.748966450000000172e+00 2.388087625869170346e-13
3.749642849999999861e+00 2.385406361093599746e-13
3.750319240000000054e+00 2.387347162024252098e-13
3.750995629999999803e+00 2.387731747557319763e-13
3.751672029999999936e+00 2.387137378206159793e-13
3.752348420000000129e+00 2.380295964918835708e-13
3.753024809999999878e+00 2.378231323101135225e-13
3.753701210000000010e+00 2.385002554965395271e-13
3.754377600000000204e+00 2.388732147137837738e-13
3.755053989999999953e+00 2.386819156102610429e-13
3.755730390000000085e+00 2.386187519629877263e-13
3.756406779999999834e+00 2.385222906414946266e-13
3.757083170000000027e+00 2.382276807406700608e-13
3.757759570000000160e+00 2.379465604203219270e-13
3.758435959999999909e+00 2.376280561351251480e-13
3.759112360000000042e+00 2.373742190846151456e-13
3.759788749999999791e+00 2.374259586946092303e-13
3.760465139999999984e+00 2.375187085733261194e-13
3.761141540000000116e+00 2.368004756872556027e-13
3.761817929999999865e+00 2.363142905327413239e-13
3.762494320000000059e+00 2.366494184761730503e-13
3.763170720000000191e+00 2.366794542782268409e-13
3.763847109999999940e+00 2.366287931065239461e-13
3.764523500000000134e+00 2.366174685595748424e-13
3.765199899999999822e+00 2.364280222720131225e-13
3.765876290000000015e+00 2.360424475976827917e-13
3.766552680000000208e+00 2.356999209102284148e-13
3.767229079999999897e+00 2.350652665051496768e-13
3.767905470000000090e+00 2.349242898685555735e-13
3.768581859999999839e+00 2.350942553900493171e-13
3.769258259999999972e+00 2.352435630414312133e-13
3.769934650000000165e+00 2.351763353420302454e-13
3.770611039999999914e+00 2.350063003795016298e-13
3.771287440000000046e+00 2.350309210982000952e-13
3.771963829999999795e+00 2.349487387566251315e-13
3.772640229999999928e+00 2.346117234346192388e-13
3.773316620000000121e+00 2.341918913117341047e-13
3.773993009999999870e+00 2.338325185828394545e-13
3.774669410000000003e+00 2.338687319556256710e-13
3.775345800000000196e+00 2.339598818510052566e-13
3.776022189999999945e+00 2.338105744609464978e-13
3.776698590000000078e+00 2.332276514773923987e-13
3.777374979999999827e+00 2.327443887766332012e-13
3.778051370000000020e+00 2.326161208483020053e-13
3.778727770000000152e+00 2.323198567002994565e-13
3.779404159999999901e+00 2.322822525944084028e-13
3.780080550000000095e+00 2.325700935981994240e-13
3.780756949999999783e+00 2.322316491153122648e-13
3.781433339999999976e+00 2.318654030303488815e-13
3.782109730000000170e+00 2.318372898158605992e-13
3.782786129999999858e+00 2.311795999513259460e-13
3.783462520000000051e+00 2.313465868259900409e-13
3.784138909999999800e+00 2.319053393859061158e-13
3.784815309999999933e+00 2.318674329099211491e-13
3.785491700000000126e+00 2.315891103080578292e-13
3.786168099999999814e+00 2.312796763274169411e-13
3.786844490000000008e+00 2.313252967934658572e-13
3.787520880000000201e+00 2.313409463051282887e-13
3.788197279999999889e+00 2.311026894927868764e-13
3.788873670000000082e+00 2.307115667686354877e-13
3.789550059999999831e+00 2.305610314103675901e-13
3.790226459999999964e+00 2.304756345258795790e-13
3.790902850000000157e+00 2.303558459730797170e-13
3.791579239999999906e+00 2.303630429281004187e-13
3.792255640000000039e+00 2.302746666691799701e-13
3.792932029999999788e+00 2.299463341518156232e-13
3.793608419999999981e+00 2.296747492586243161e-13
3.794284820000000114e+00 2.295855960294170593e-13
3.794961209999999863e+00 2.294469213200955866e-13
3.795637600000000056e+00 2.291252135191336364e-13
3.796314000000000188e+00 2.287224808208315739e-13
3.796990389999999937e+00 2.285295996139812613e-13
3.797666780000000131e+00 2.284159711298427434e-13
3.798343179999999819e+00 2.281852115661219470e-13
3.799019570000000012e+00 2.281323961075112210e-13
3.799695970000000145e+00 2.279962624236578545e-13
3.800372359999999894e+00 2.275760999366980104e-13
3.801048750000000087e+00 2.270767073452516987e-13
3.801725150000000220e+00 2.269786431747074786e-13
3.802401539999999969e+00 2.272576663882985791e-13
3.803077930000000162e+00 2.273495586852268238e-13
3.803754329999999850e+00 2.270617338910752193e-13
3.804430720000000044e+00 2.267551143021199627e-13
3.805107109999999793e+00 2.268375180964719087e-13
3.805783509999999925e+00 2.268028710689002951e-13
3.806459900000000118e+00 2.267630579909333021e-13
3.807136289999999867e+00 2.266550071470677925e-13
3.807812690000000000e+00 2.264244692968294062e-13
3.808489080000000193e+00 2.263345401548848960e-13
3.809165469999999942e+00 2.262931042169515766e-13
3.809841870000000075e+00 2.259965908738522408e-13
3.810518259999999824e+00 2.254542290680678952e-13
3.811194650000000017e+00 2.253667714352655382e-13
3.811871050000000150e+00 2.254360081834655533e-13
3.812547439999999899e+00 2.249889777857489660e-13
3.813223840000000031e+00 2.249013681407255527e-13
3.813900229999999780e+00 2.250997405286084643e-13
3.814576619999999973e+00 2.247686865378623614e-13
3.815253020000000106e+00 2.240629574562846429e-13
3.815929409999999855e+00 2.241234905617273765e-13
3.816605800000000048e+00 2.239901041748111669e-13
3.817282200000000181e+00 2.223074024280017622e-13
3.817958589999999930e+00 2.198221744022511982e-13
3.818634980000000123e+00 2.193582283223275332e-13
3.819311379999999811e+00 2.201221468123601047e-13
3.819987770000000005e+00 2.201402520612146360e-13
3.820664160000000198e+00 2.208585271137537666e-13
3.821340559999999886e+00 2.217221478325435659e-13
3.822016950000000080e+00 2.225050484187358362e-13
3.822693339999999829e+00 2.227159543764150587e-13
3.823369739999999961e+00 2.225997023839427388e-13
3.824046130000000154e+00 2.226756062894946223e-13
3.824722519999999903e+00 2.226021691530012640e-13
3.825398920000000036e+00 2.221906765913437306e-13
3.826075309999999785e+00 2.221727370551996971e-13
3.826751709999999917e+00 2.223388945340661529e-13
3.827428100000000111e+00 2.222263110457775021e-13
3.828104489999999860e+00 2.220264148501729074e-13
3.828780889999999992e+00 2.218331801264215945e-13
3.829457280000000186e+00 2.217089580348661573e-13
3.830133669999999935e+00 2.215827538865265845e-13
3.830810070000000067e+00 2.212618851679552681e-13
3.831486459999999816e+00 2.209978948284916922e-13
3.832162850000000009e+00 2.210724458602574558e-13
3.832839250000000142e+00 2.209553385406329783e-13
3.833515639999999891e+00 2.206251581142860187e-13
3.834192030000000084e+00 2.197241616960221989e-13
3.834868430000000217e+00 2.181840400146261274e-13
3.835544819999999966e+00 2.182187674292188441e-13
3.836221210000000159e+00 2.190180811378087956e-13
3.836897609999999847e+00 2.197655750844748374e-13
3.837574000000000041e+00 2.199257710893766412e-13
3.838250389999999790e+00 2.195965041435973898e-13
3.838926789999999922e+00 2.193225944340043286e-13
3.839603180000000116e+00 2.192206983495795192e-13
3.840279579999999804e+00 2.189215705384972523e-13
3.840955969999999997e+00 2.184482227141209895e-13
3.841632360000000190e+00 2.182485598191041584e-13
3.842308759999999879e+00 2.182953227522416643e-13
3.842985150000000072e+00 2.180990805504535472e-13
3.843661539999999821e+00 2.182101124673046064e-13
3.844337939999999953e+00 2.183718878271985630e-13
3.845014330000000147e+00 2.181485842532176226e-13
3.845690719999999896e+00 2.173463867256678554e-13
3.846367120000000028e+00 2.164880449941480776e-13
3.847043510000000222e+00 2.168185906295701914e-13
3.847719899999999971e+00 2.168495019050320332e-13
3.848396300000000103e+00 2.161932457247563019e-13
3.849072689999999852e+00 2.156380276733110701e-13
3.849749080000000045e+00 2.161547548342767082e-13
3.850425480000000178e+00 2.166714312543546565e-13
3.851101869999999927e+00 2.168472420249274333e-13
3.851778260000000120e+00 2.167268836753721326e-13
3.852454659999999809e+00 2.162656397566513284e-13
3.853131050000000002e+00 2.155664844786370868e-13
3.853807450000000134e+00 2.149998681776172620e-13
3.854483839999999883e+00 2.149422559058538698e-13
3.855160230000000077e+00 2.152854465781713631e-13
3.855836630000000209e+00 2.153923489339436948e-13
3.856513019999999958e+00 2.150065754191929621e-13
3.857189410000000152e+00 2.138728061799070260e-13
3.857865809999999840e+00 2.139350937897745338e-13
3.858542200000000033e+00 2.143130826470279156e-13
3.859218589999999782e+00 2.142379520536050742e-13
3.859894989999999915e+00 2.143844893443733631e-13
3.860571380000000108e+00 2.144174126560656968e-13
3.861247769999999857e+00 2.144355866837837669e-13
3.861924169999999989e+00 2.141657731203761429e-13
3.862600560000000183e+00 2.116599195109910249e-13
3.863276949999999932e+00 2.085395093106562965e-13
3.863953350000000064e+00 2.104047201085692482e-13
3.864629739999999813e+00 2.108583014441129567e-13
3.865306130000000007e+00 2.082807341580635458e-13
3.865982530000000139e+00 1.988960193456840304e-13
3.866658919999999888e+00 1.878120233495559347e-13
3.867335320000000021e+00 1.943364260360579183e-13
3.868011710000000214e+00 2.055388922317495354e-13
3.868688099999999963e+00 2.084919370885675232e-13
3.869364500000000096e+00 2.064504788271714957e-13
3.870040889999999845e+00 2.071367053927634142e-13
3.870717280000000038e+00 2.101767082018383864e-13
3.871393680000000170e+00 2.097085671625181538e-13
3.872070069999999919e+00 2.049400609409357662e-13
3.872746460000000113e+00 2.031321058502070784e-13
3.873422859999999801e+00 2.076152545342642513e-13
3.874099249999999994e+00 2.087843684724821844e-13
3.874775640000000188e+00 2.071943582618083781e-13
3.875452039999999876e+00 2.082730267989770586e-13
3.876128430000000069e+00 2.097913939943320373e-13
3.876804819999999818e+00 2.099220308150013107e-13
3.877481219999999951e+00 2.080464788519610409e-13
3.878157610000000144e+00 2.072139932476539216e-13
3.878833999999999893e+00 2.088170533463427106e-13
3.879510400000000025e+00 2.086446566280795188e-13
3.880186790000000219e+00 2.062997346083876543e-13
3.880863189999999907e+00 2.056271835976380297e-13
3.881539580000000100e+00 2.064892164650081353e-13
3.882215969999999849e+00 2.068140425819184268e-13
3.882892369999999982e+00 2.041096086453629117e-13
3.883568760000000175e+00 2.018598095322177077e-13
3.884245149999999924e+00 2.055505489190542009e-13
3.884921550000000057e+00 2.081007431942673004e-13
3.885597939999999806e+00 2.057951253044837795e-13
3.886274329999999999e+00 2.025612474419477794e-13
3.886950730000000132e+00 2.021963519361366102e-13
3.887627119999999881e+00 1.997836334315965590e-13
3.888303510000000074e+00 1.986131832191502422e-13
3.888979910000000206e+00 1.990801497396032066e-13
3.889656299999999955e+00 1.986166261671791188e-13
3.890332690000000149e+00 1.994363308717383777e-13
3.891009089999999837e+00 1.990828169739905742e-13
3.891685480000000030e+00 2.004327042552896294e-13
3.892361869999999779e+00 2.021699415791391060e-13
3.893038269999999912e+00 2.030702712510777603e-13
3.893714660000000105e+00 2.013752769152170236e-13
3.894391059999999793e+00 1.993594633964961299e-13
3.895067449999999987e+00 1.996753938955891192e-13
3.895743840000000180e+00 1.992873121139937898e-13
3.896420239999999868e+00 1.985553677840186840e-13
3.897096630000000062e+00 1.994372266640347246e-13
3.897773019999999811e+00 1.981182960799924110e-13
3.898449419999999943e+00 1.982876530044188009e-13
3.899125810000000136e+00 2.000402461366538748e-13
3.899802199999999885e+00 2.018021029913324908e-13
3.900478600000000018e+00 1.992690052672008598e-13
3.901154990000000211e+00 1.993293903815863997e-13
3.901831379999999960e+00 2.021432909014251322e-13
3.902507780000000093e+00 2.017872318400677638e-13
3.903184169999999842e+00 2.006156068257153037e-13
3.903860560000000035e+00 2.024213937606614681e-13
3.904536960000000168e+00 2.033965431997289984e-13
3.905213349999999917e+00 2.031609184677512882e-13
3.905889740000000110e+00 1.999677971553064333e-13
3.906566139999999798e+00 1.979007671017226816e-13
3.907242529999999991e+00 2.010351120115264732e-13
3.907918930000000124e+00 2.032269357627037530e-13
3.908595319999999873e+00 2.016136023109938150e-13
3.909271710000000066e+00 1.967395854722942758e-13
3.909948110000000199e+00 1.962746242167859756e-13
3.910624499999999948e+00 1.952711853692630558e-13
3.911300890000000141e+00 1.921293430636011051e-13
3.911977289999999829e+00 1.932150707140756042e-13
3.912653680000000023e+00 1.975474239572238830e-13
3.913330070000000216e+00 2.006210256461113302e-13
3.914006469999999904e+00 2.024890692830293970e-13
3.914682860000000098e+00 2.014982518250333385e-13
3.915359249999999847e+00 1.998825357568967983e-13
3.916035649999999979e+00 2.013768329527855814e-13
3.916712040000000172e+00 2.023727250192444023e-13
3.917388429999999921e+00 2.009806442180171759e-13
3.918064830000000054e+00 2.007857213028225246e-13
3.918741219999999803e+00 2.021399017638887460e-13
3.919417609999999996e+00 2.012819260614741463e-13
3.920094010000000129e+00 1.999920996428059931e-13
3.920770399999999878e+00 2.013772876783760369e-13
3.921446800000000010e+00 2.021913823520562889e-13
3.922123190000000204e+00 2.019099481461473291e-13
3.922799579999999953e+00 2.014185368678173748e-13
3.923475980000000085e+00 2.005484004985252802e-13
3.924152369999999834e+00 2.002867226718109810e-13
3.924828760000000027e+00 2.007808418219400240e-13
3.925505160000000160e+00 2.003784323130250862e-13
3.926181549999999909e+00 1.997936256749223267e-13
3.926857940000000102e+00 1.996904511517436996e-13
3.927534339999999791e+00 1.997628579311389578e-13
3.928210729999999984e+00 1.991690584277531277e-13
3.928887120000000177e+00 1.997752557931009988e-13
3.929563519999999865e+00 2.001616126524564442e-13
3.930239910000000059e+00 1.995259515527408132e-13
3.930916299999999808e+00 1.993583235816786937e-13
3.931592699999999940e+00 1.989551310385197290e-13
3.932269090000000134e+00 1.993321798005615553e-13
3.932945479999999883e+00 1.993889679796661755e-13
3.933621880000000015e+00 1.983696031248406526e-13
3.934298270000000208e+00 1.976629415954228027e-13
3.934974669999999897e+00 1.983149231932890149e-13
3.935651060000000090e+00 1.989508645684048990e-13
3.936327449999999839e+00 1.992014623583444724e-13
3.937003849999999971e+00 1.992259825354535936e-13
3.937680240000000165e+00 1.986929653040923733e-13
3.938356629999999914e+00 1.977583681189698660e-13
3.939033030000000046e+00 1.982096314105443617e-13
3.939709419999999795e+00 1.987622968291756798e-13
3.940385809999999989e+00 1.987452471204566520e-13
3.941062210000000121e+00 1.985740892026524300e-13
3.941738599999999870e+00 1.984161271157681762e-13
3.942414990000000063e+00 1.982715603249514152e-13
3.943091390000000196e+00 1.978702577827369888e-13
3.943767779999999945e+00 1.968996497301317183e-13
3.944444170000000138e+00 1.960123011229186637e-13
3.945120569999999827e+00 1.959806218817910897e-13
3.945796960000000020e+00 1.966356453184375540e-13
3.946473350000000213e+00 1.970643835193732419e-13
3.947149749999999901e+00 1.971937815104537270e-13
3.947826140000000095e+00 1.971874395962666153e-13
3.948502539999999783e+00 1.970868699611252546e-13
3.949178929999999976e+00 1.962119726695887991e-13
3.949855320000000170e+00 1.946081176050198326e-13
3.950531719999999858e+00 1.949458195619338896e-13
3.951208110000000051e+00 1.939061976899247731e-13
3.951884499999999800e+00 1.919714001015063948e-13
3.952560899999999933e+00 1.939122933986587356e-13
3.953237290000000126e+00 1.954579944115462880e-13
3.953913679999999875e+00 1.951228663614003867e-13
3.954590080000000007e+00 1.941724379824275086e-13
3.955266470000000201e+00 1.947416828465096473e-13
3.955942859999999950e+00 1.953161038143467124e-13
3.956619260000000082e+00 1.954005769411437531e-13
3.957295649999999831e+00 1.953062598446416775e-13
3.957972040000000025e+00 1.949738278309166579e-13
3.958648440000000157e+00 1.945461610739660645e-13
3.959324829999999906e+00 1.942577629678579721e-13
3.960001220000000099e+00 1.947444573251598674e-13
3.960677619999999788e+00 1.948403488552414362e-13
3.961354009999999981e+00 1.947214464922525945e-13
3.962030410000000114e+00 1.944838316403211165e-13
3.962706799999999863e+00 1.943535708551274435e-13
3.963383190000000056e+00 1.941494181806600545e-13
3.964059590000000188e+00 1.938056788960491715e-13
3.964735979999999937e+00 1.936789910738930174e-13
3.965412370000000131e+00 1.936998303435386657e-13
3.966088769999999819e+00 1.936945036113152846e-13
3.966765160000000012e+00 1.935102004608228945e-13
3.967441550000000206e+00 1.930953797828132934e-13
3.968117949999999894e+00 1.913818639683008234e-13
3.968794340000000087e+00 1.882677333209861013e-13
3.969470729999999836e+00 1.888216176758853482e-13
3.970147129999999969e+00 1.887037372442067704e-13
3.970823520000000162e+00 1.898445884083680308e-13
3.971499909999999911e+00 1.922086193402343941e-13
3.972176310000000043e+00 1.926586064478720758e-13
3.972852699999999793e+00 1.924699202563009092e-13
3.973529089999999986e+00 1.913394192788816720e-13
3.974205490000000118e+00 1.875011060705802551e-13
3.974881879999999867e+00 1.858678102659893546e-13
3.975558280000000000e+00 1.897171738365576784e-13
3.976234670000000193e+00 1.914904657849165358e-13
3.976911059999999942e+00 1.915145813955984320e-13
3.977587460000000075e+00 1.912911887758593152e-13
3.978263849999999824e+00 1.912389778050924841e-13
3.978940240000000017e+00 1.905088533069769150e-13
3.979616640000000150e+00 1.874875017552263310e-13
3.980293029999999899e+00 1.846531171846353953e-13
3.980969420000000092e+00 1.874563987297567155e-13
3.981645819999999780e+00 1.896154555860697025e-13
3.982322209999999973e+00 1.901358882087738120e-13
3.982998600000000167e+00 1.902478206393465059e-13
3.983674999999999855e+00 1.901333516760912596e-13
3.984351390000000048e+00 1.896860442841175854e-13
3.985027779999999797e+00 1.873576066281431915e-13
3.985704179999999930e+00 1.838146535069581063e-13
3.986380570000000123e+00 1.858580297641567330e-13
3.987056959999999872e+00 1.887811127200278875e-13
3.987733360000000005e+00 1.890712587362325832e-13
3.988409750000000198e+00 1.886295864531393606e-13
3.989086149999999886e+00 1.884991132336978661e-13
3.989762540000000079e+00 1.881262677488793383e-13
3.990438929999999829e+00 1.875168189969274220e-13
3.991115329999999961e+00 1.867920898079387941e-13
3.991791720000000154e+00 1.874435351092284910e-13
3.992468109999999903e+00 1.883730665103071775e-13
3.993144510000000036e+00 1.887043933859766699e-13
3.993820899999999785e+00 1.883638978616078313e-13
3.994497289999999978e+00 1.875190145706447688e-13
3.995173690000000111e+00 1.857686570412159838e-13
3.995850079999999860e+00 1.854126714953006143e-13
3.996526470000000053e+00 1.872469451857177473e-13
3.997202870000000186e+00 1.877311620952644374e-13
3.997879259999999935e+00 1.871728180909057147e-13
3.998555650000000128e+00 1.858529380887928702e-13
3.999232049999999816e+00 1.834701435197725800e-13
3.999908440000000009e+00 1.834514233157833361e-13
4.000584830000000203e+00 1.852014877926428176e-13
4.001261229999999891e+00 1.858794277071521013e-13
4.001937619999999640e+00 1.865009581105517545e-13
4.002614020000000217e+00 1.867143168186098971e-13
4.003290409999999966e+00 1.868152307440864412e-13
4.003966799999999715e+00 1.868860534495561000e-13
4.004643200000000292e+00 1.868186066039986265e-13
4.005319590000000041e+00 1.866269994968499424e-13
4.005995979999999790e+00 1.863077835526737463e-13
4.006672380000000366e+00 1.858998594503559722e-13
4.007348770000000115e+00 1.858034678183966795e-13
4.008025159999999865e+00 1.859001939986294757e-13
4.008701560000000441e+00 1.858710537230724055e-13
4.009377950000000190e+00 1.856997003351579785e-13
4.010054339999999939e+00 1.853639690505995487e-13
4.010730739999999628e+00 1.844847199093998636e-13
4.011407130000000265e+00 1.845015716992420630e-13
4.012083520000000014e+00 1.845362042004526520e-13
4.012759919999999703e+00 1.836675555186847604e-13
4.013436310000000340e+00 1.841455793502813257e-13
4.014112700000000089e+00 1.835842144864392480e-13
4.014789099999999777e+00 1.818923708078197550e-13
4.015465490000000415e+00 1.823089624589033403e-13
4.016141890000000103e+00 1.830046501200583049e-13
4.016818279999999852e+00 1.826184880881037249e-13
4.017494669999999601e+00 1.826078931489777434e-13
4.018171070000000178e+00 1.832386236990114520e-13
4.018847459999999927e+00 1.833831604159374855e-13
4.019523849999999676e+00 1.830992872701316524e-13
4.020200250000000253e+00 1.820814457912410475e-13
4.020876640000000002e+00 1.817337595948135526e-13
4.021553029999999751e+00 1.822183986810100669e-13
4.022229430000000328e+00 1.823485419008844593e-13
4.022905820000000077e+00 1.823368704370573447e-13
4.023582209999999826e+00 1.825769992391949522e-13
4.024258610000000402e+00 1.828746489894225967e-13
4.024935000000000151e+00 1.830747984709678111e-13
4.025611389999999901e+00 1.830760087471306432e-13
4.026287789999999589e+00 1.829277499712839966e-13
4.026964180000000226e+00 1.828325399102714382e-13
4.027640569999999975e+00 1.827273470512344324e-13
4.028316969999999664e+00 1.826083553001218067e-13
4.028993360000000301e+00 1.825072129599292865e-13
4.029669759999999989e+00 1.824580126941886518e-13
4.030346149999999739e+00 1.823648420318802967e-13
4.031022540000000376e+00 1.822103150166616139e-13
4.031698940000000064e+00 1.818994873991738519e-13
4.032375329999999813e+00 1.813144662887970580e-13
4.033051719999999563e+00 1.800906780602670139e-13
4.033728120000000139e+00 1.798546800629597351e-13
4.034404509999999888e+00 1.804842324410691713e-13
4.035080899999999637e+00 1.808368371932734185e-13
4.035757300000000214e+00 1.810116927785959457e-13
4.036433689999999963e+00 1.808326872886280747e-13
4.037110079999999712e+00 1.807895496524923045e-13
4.037786480000000289e+00 1.805404284322963110e-13
4.038462870000000038e+00 1.802876804755361790e-13
4.039139259999999787e+00 1.803656560118852358e-13
4.039815660000000364e+00 1.802923235417304223e-13
4.040492050000000113e+00 1.800338865023142480e-13
4.041168439999999862e+00 1.800005784619278906e-13
4.041844840000000438e+00 1.799417746992517689e-13
4.042521230000000187e+00 1.796262378088500374e-13
4.043197629999999876e+00 1.782722617443965367e-13
4.043874019999999625e+00 1.740951389953093026e-13
4.044550410000000262e+00 1.730020156633762754e-13
4.045226809999999951e+00 1.771406781221169375e-13
4.045903199999999700e+00 1.788976251252309920e-13
4.046579590000000337e+00 1.789904643604932475e-13
4.047255990000000025e+00 1.789270489515132472e-13
4.047932379999999775e+00 1.787059931588197743e-13
4.048608770000000412e+00 1.783415137535237983e-13
4.049285170000000100e+00 1.779732890602153612e-13
4.049961559999999849e+00 1.772133142127948185e-13
4.050637949999999599e+00 1.750516729107346878e-13
4.051314350000000175e+00 1.713090029521207254e-13
4.051990739999999924e+00 1.665859473165823051e-13
4.052667129999999673e+00 1.679998404903490165e-13
4.053343530000000250e+00 1.729679525831094560e-13
4.054019919999999999e+00 1.744867863388781177e-13
4.054696309999999748e+00 1.758750866726306620e-13
4.055372710000000325e+00 1.769462278984077571e-13
4.056049100000000074e+00 1.771941411029505190e-13
4.056725499999999762e+00 1.772095518450502386e-13
4.057401890000000400e+00 1.767427550926006605e-13
4.058078280000000149e+00 1.747421834656039448e-13
4.058754679999999837e+00 1.724291820647810169e-13
4.059431069999999586e+00 1.716307335698704268e-13
4.060107460000000223e+00 1.732651740382683123e-13
4.060783859999999912e+00 1.756202319424750981e-13
4.061460249999999661e+00 1.760653648099228377e-13
4.062136640000000298e+00 1.762329240101044383e-13
4.062813039999999987e+00 1.761787878262080898e-13
4.063489429999999736e+00 1.759708470224373869e-13
4.064165820000000373e+00 1.747726265084113525e-13
4.064842220000000061e+00 1.734509613846641077e-13
4.066871400000000136e+00 1.758374155785513988e-13
4.067547789999999885e+00 1.757436874093606641e-13
4.068224179999999635e+00 1.749758224248128410e-13
4.068900580000000211e+00 1.741677923720291987e-13
4.069576969999999960e+00 1.737956980396947296e-13
4.070253369999999649e+00 1.737958172571748309e-13
4.070929760000000286e+00 1.743603630378998241e-13
4.071606150000000035e+00 1.747514318518890373e-13
4.072282549999999723e+00 1.747558481225151926e-13
4.072958940000000361e+00 1.748216899530276800e-13
4.073635330000000110e+00 1.747834971708377459e-13
4.074311729999999798e+00 1.746329737938149747e-13
4.075664510000000185e+00 1.744568816607142964e-13
4.076340909999999873e+00 1.743954594715866633e-13
4.077017299999999622e+00 1.743368016133000814e-13
4.077693690000000259e+00 1.740424106064367238e-13
4.078370089999999948e+00 1.737926149023696652e-13
4.079046479999999697e+00 1.737934212240205112e-13
4.079722870000000334e+00 1.738125044537119961e-13
4.080399270000000023e+00 1.737372388502223231e-13
4.081075659999999772e+00 1.736246679501871714e-13
4.081752050000000409e+00 1.733832930306886036e-13
4.082428450000000097e+00 1.729314706731418026e-13
4.083104839999999847e+00 1.724965337900667734e-13
